 45 45 45 45 45 45 45 45 62 59 58 55
 45 45 45 45 45 45 45 62 59 58 55 54
 45 45 45 45 45 45 62 59 58 55 54 57
 45 45 45 45 45 62 59 58 55 54 57 58
 45 45 45 45 62 58 58 55 54 57 58 58
 45 45 45 61 58 58 55 56 57 58 60 65
 45 45 61 58 58 55 56 57 59 64 67 68
 45 56 58 58 56 56 57 63 67 69 73 80
 55 58 58 56 59 62 68 68 73 81 80 79
 58 59 58 60 66 70 71 79 80 78 76 66
 59 62 65 68 71 78 80 78 75 67 63 60
 62 67 71 75 80 80 75 66 59 61 57 56
 66 72 75 78 76 67 60 58 58 58 57 57
 72 77 74 72 67 67 69 67 67 67 67 67
 69 72 75 70 70 71 71 70 70 70 70 70
 66 67 64 64 64 64 64 64 64 64 64 64
 37 50 58 59 59 59 59 59 59 59 59 59
 29 35 44 44 44 44 44 44 44 44 44 44
 38 27 42 42 42 42 42 42 42 42 42 42
 41 26 32 32 32 32 32 32 32 32 32 32
 42 32 31 31 31 31 31 31 31 31 31 31
 42 38 26 26 26 26 26 26 26 26 26 26
 42 41 27 27 27 27 27 27 27 27 27 27
 42 41 35 35 35 35 35 35 35 35 35 35
 42 42 38 38 38 38 38 38 38 38 38 38
 42 42 41 41 41 41 41 41 41 41 41 41
 42 42 41 41 41 41 41 41 41 41 41 41
 42 42 42 42 42 42 42 42 42 42 42 42
 42 42 42 42 42 42 42 42 42 42 42 42
 42 42 42 42 42 42 42 42 42 42 42 42
 42 42 42 42 42 42 42 42 42 42 42 42
