43 43 43 43 43 43 43 43 46 48 49 45
43 43 43 43 43 43 43 46 48 49 45 41
43 43 43 43 43 43 46 48 49 45 41 41
43 43 43 43 43 46 48 49 45 41 41 45
43 43 43 43 46 48 49 45 41 41 45 47
43 43 43 46 48 49 45 41 42 46 49 52
43 43 46 49 49 45 42 42 46 52 52 57
43 46 50 48 45 42 43 48 52 57 59 60
45 49 48 46 44 45 53 53 59 62 67 72
46 49 46 46 45 53 60 64 67 72 71 69
51 48 48 49 61 67 70 71 74 75 72 70
48 50 59 66 72 73 74 80 74 70 65 65
54 64 72 73 79 81 76 70 66 67 67 67
69 73 74 78 75 68 68 68 68 68 68 68
72 72 72 71 75 71 71 71 71 71 71 71
70 67 69 70 72 73 73 73 73 73 73 73
60 66 70 70 70 70 70 70 70 70 70 70
56 59 60 60 60 60 60 60 60 60 60 60
52 54 54 54 54 54 54 54 54 54 54 54
39 39 39 39 39 39 39 39 39 39 39 39
39 40 40 40 40 40 40 40 40 40 40 40
41 41 41 41 41 41 41 41 41 41 41 41
41 41 41 41 41 41 41 41 41 41 41 41
41 41 41 41 41 41 41 41 41 41 41 41
41 41 41 41 41 41 41 41 41 41 41 41
41 41 41 41 41 41 41 41 41 41 41 41
41 41 41 41 41 41 41 41 41 41 41 41
41 41 41 41 41 41 41 41 41 41 41 41
41 41 41 41 41 41 41 41 41 41 41 41
41 41 41 41 41 41 41 41 41 41 41 41
41 41 41 41 41 41 41 41 41 41 41 41
