 44 44 44 44 44 44 44 44 50 52 50 51
 44 44 44 44 44 44 44 49 52 50 51 54
 44 44 44 44 44 44 49 52 50 51 54 55
 44 44 44 44 44 49 52 50 51 54 55 57
 44 44 44 44 49 52 50 51 53 55 57 58
 44 44 44 49 52 50 51 53 54 58 58 60
 44 44 49 52 50 51 53 55 59 59 60 60
 44 49 52 50 51 52 57 58 59 60 57 58
 46 52 51 50 53 58 60 59 58 59 58 58
 53 51 50 55 60 58 58 59 57 58 55 53
 51 54 56 58 58 57 58 57 54 53 52 53
 54 58 56 56 55 55 54 52 52 52 54 54
 60 59 55 54 53 53 53 54 54 54 53 53
 62 55 55 55 55 55 55 55 55 54 53 52
 59 54 55 55 54 55 55 56 56 56 55 54
 60 56 56 56 57 57 56 56 52 52 53 53
 62 56 58 57 57 55 53 54 55 57 59 65
 64 63 58 57 57 58 60 60 68 67 69 69
 61 63 60 60 62 62 70 72 69 69 61 57
 58 66 62 65 68 70 70 68 64 60 51 50
 51 63 68 71 71 69 65 63 58 55 50 44
 40 48 68 67 67 65 63 64 62 53 50 44
 44 41 53 57 57 58 57 54 54 52 52 52
 41 38 43 44 44 47 47 47 47 47 47 47
 41 40 38 36 36 37 37 37 37 37 37 37
 41 41 38 39 39 39 39 39 39 39 39 39
 41 41 38 38 38 38 38 38 38 38 38 38
 41 41 40 40 40 40 40 40 40 40 40 40
 41 41 41 41 41 41 41 41 41 41 41 41
 41 41 41 41 41 41 41 41 41 41 41 41
 41 41 41 41 41 41 41 41 41 41 41 41
