44
50
56
40
61
20
18
25
43
35
33
39
54
60
74
48
54
61
78
49
44
62
66
28
66
61
72
78
74
52
50
30
0
45
0
40
0
0
38
0
0
0
0
0
78
69
67
0
85
57
54
52
65
0
81
0
72
51
0
0
58
0
0
0
58
44
49
0
0
0
0
0
0
83
0
0
0
0
0
60
69
72
59
0
74
78
63
64
64
0
0
0
64
76
0
0
53
58
0
60
0
60
0
52
0
58
0
0
0
73
67
73
51
58
77
55
0
60
66
74
54
0
44
49
0
61
54
42
75
0
64
0
0
0
0
0
0
0
61
0
0
0
0
0
0
78
54
0
0
0
69
54
0
0
36
0
49
66
48
55
70
57
72
0
0
0
61
0
0
0
0
60
36
50
31
53
68
63
28
59
63
45
52
46
42
56
43
37
52
51
61
56
61
28
75
0
0
0
0
0
0
0
61
0
59
0
0
0
0
0
57
36
0
0
0
0
0
0
0
0
0
82
0
57
59
67
0
0
0
0
0
0
0
0
0
48
0
0
0
53
0
76
75
83
53
81
72
0
59
23
65
24
21
0
0
0
66
53
33
36
59
52
48
34
63
56
79
81
62
0
53
0
0
0
0
0
37
0
0
0
0
0
0
0
84
67
63
86
66
30
54
64
63
40
86
62
81
58
53
51
76
68
0
0
0
0
0
0
0
0
0
0
0
0
0
0
0
0
0
0
0
0
0
83
0
0
0
60
62
0
80
0
0
0
0
0
88
49
43
45
0
54
57
63
73
0
56
0
51
0
59
65
72
54
0
0
0
54
69
71
55
62
63
65
51
40
52
76
72
47
55
66
67
31
75
57
65
27
54
56
36
54
14
68
0
78
50
57
49
40
74
69
61
82
51
46
77
48
41
67
50
67
36
70
62
61
62
67
33
74
47
47
69
64
64
76
37
51
57
71
43
76
56
77
0
0
75
69
48
0
14
0
0
70
0
61
17
52
0
0
59
50
50
38
47
27
54
0
43
68
57
70
29
62
0
57
66
0
50
63
0
0
0
0
30
0
49
59
0
0
0
0
59
0
60
79
74
0
0
0
0
63
21
63
57
49
60
63
58
59
25
40
73
56
47
73
0
0
0
63
57
36
67
68
46
71
55
60
77
0
46
79
0
69
0
0
36
0
60
0
61
60
0
0
0
0
0
0
0
0
0
72
78
0
0
0
0
66
0
0
0
0
63
0
0
66
76
68
58
85
76
70
50
0
0
0
61
73
53
69
0
59
53
50
43
0
48
0
69
0
0
0
0
0
55
0
0
0
0
0
0
0
0
