   1.1003046e+09
   1.5247865e+09
   8.0604287e+08
   5.0646760e+06
   5.9946750e+06
   1.2385564e+07
   2.1714236e+07
   2.4361013e+07
   6.7257773e+08
   1.4143603e+08
   4.1508132e+08
   1.9137349e+08
   2.0937757e+08
   1.7692551e+08
   6.0641450e+07
   5.1738100e+07
   1.1874606e+08
   1.0366105e+08
   2.4530962e+08
   2.5633740e+08
   9.6290670e+06
   9.8296067e+07
   2.3784825e+08
   3.2324601e+08
   1.8466266e+08
   6.2575754e+07
   1.8932865e+08
   2.2417725e+08
   1.5831032e+08
   3.3651019e+08
   1.3552320e+08
   1.7217959e+08
   1.7429188e+08
   4.6026270e+07
   3.1624920e+07
   1.1128723e+08
   1.6704452e+08
   4.5186258e+07
   2.2945783e+07
   8.8003102e+08
   6.5756631e+08
   3.2753815e+07
   4.0141331e+07
   1.5488406e+07
   1.1431596e+09
   1.1186624e+09
   9.7294125e+08
   2.4630123e+08
   5.1449543e+08
   1.3206631e+09
   1.9372579e+09
   1.9004530e+09
   4.1807279e+07
   8.5043697e+07
   2.3010274e+08
   6.9191350e+08
   4.6438700e+08
   3.7727856e+08
   3.5014427e+08
   2.3233195e+08
   3.0497591e+08
   3.5819722e+08
   2.8181193e+08
   5.8339278e+08
   2.5119262e+08
   5.7635910e+08
   6.8221206e+08
   4.4264237e+08
   2.1848795e+08
   3.3147161e+08
   1.6595810e+08
   1.3966741e+07
   7.3564604e+08
   7.1165497e+08
   3.2006716e+08
   2.3856146e+08
   2.5493236e+08
   1.2669123e+08
   1.0402259e+08
   1.9816101e+08
   1.3146495e+08
   6.9281650e+07
   1.2014645e+07
   6.0033409e+07
   7.4758974e+07
   8.5451128e+07
   1.2771887e+08
   9.4413730e+07
   7.1625131e+07
   5.1138060e+07
   3.4551192e+08
   2.9179617e+08
   2.3182027e+08
   2.1794875e+08
   1.1967291e+08
   6.5173920e+08
   2.2690814e+07
   5.1725244e+07
   1.8349113e+08
   2.9583302e+08
   2.4225461e+08
   1.4250800e+08
   4.6290297e+08
   3.6364696e+08
   2.3478930e+08
   9.8362029e+07
   8.3800042e+07
   1.0017246e+08
   3.9159754e+08
   4.0307254e+08
   3.2234188e+08
   4.0347088e+08
   2.1807421e+08
   4.3952647e+08
   4.2259757e+08
   5.8766996e+08
   4.9914353e+08
   3.7643424e+08
   2.4107052e+08
   3.3074292e+08
   5.2599612e+07
   5.5982168e+07
   5.4967051e+07
   5.9050181e+07
   1.2413301e+08
   9.4925426e+07
   1.2288348e+08
   5.9285713e+07
   3.6276593e+07
   4.5434382e+07
   5.0774912e+07
   4.7096198e+07
   6.7562370e+06
   3.0371193e+07
