358
144
558
705
322
1077
630
2512
2362
1615
370
2755
86
430
110
326
557
209
448
383
199
76
604
254
183
0
0
0
0
0
0
0
790
2791
754
562
323
715
845
1179
272
626
68
342
41
164
62
880
119
535
0
498
0
717
414
357
108
254
138
0
114
0
0
0
164
45
29
1537
202
0
244
575
0
54
0
0
0
0
0
165
593
36
0
508
100
82
519
254
49
0
466
159
3667
224
0
0
0
0
0
0
364
88
24
42
0
144
0
0
0
0
105
0
0
0
0
0
346
638
147
153
0
0
0
0
0
318
0
208
123
3881
177
231
1010
661
486
372
482
277
442
121
126
460
189
701
485
34
114
975
703
216
35
918
378
10000
0
404
883
139
313
426
278
646
425
10000
0
20
434
0
111
0
0
0
0
600
0
167
310
634
2729
691
1561
268
516
106
822
537
0
3041
476
1489
815
0
0
0
476
781
448
206
99
502
801
587
28
203
30
60
541
543
232
179
0
0
666
327
276
0
394
141
0
112
99
0
285
154
300
737
1233
0
0
0
0
0
0
47
0
0
511
393
0
0
0
33
380
150
0
0
0
0
0
182
133
0
0
419
0
532
505
648
914
427
350
753
0
0
489
231
87
438
480
0
0
0
0
0
0
0
343
0
0
468
15
142
386
82
187
620
1448
211
691
1024
394
435
812
362
6
313
67
357
71
541
307
100
57
95
78
0
0
180
675
1818
1339
819
463
333
386
1062
442
0
0
772
385
0
148
33
0
5
124
737
485
224
269
0
0
26
0
290
30
771
737
592
1417
424
178
97
329
287
359
324
178
347
598
399
136
98
0
0
0
0
828
0
469
317
225
169
12
233
256
232
225
360
16
457
22
603
415
621
0
0
355
705
503
515
539
327
0
121
422
432
485
372
301
235
323
223
484
782
133
764
322
377
441
321
1433
20
345
282
493
102
611
262
104
1731
123
127
616
111
142
329
274
8
2201
143
291
96
1068
382
130
235
1282
337
596
1785
588
327
146
635
221
486
560
230
345
627
0
612
1300
748
320
0
459
291
804
0
1977
690
1151
127
3524
256
782
370
889
1637
256
546
747
946
1143
103
468
372
454
82
467
425
22
0
12
0
154
213
0
422
641
0
482
452
515
372
632
457
0
0
113
383
0
330
406
135
0
6
829
384
121
375
405
0
175
175
298
53
298
39
678
134
548
467
448
395
1062
318
0
0
0
0
83
454
98
62
0
0
0
270
0
0
454
343
0
0
0
0
335
0
157
0
0
0
146
138
535
94
111
279
1458
77
0
0
735
64
0
0
0
239
82
82
28
320
231
2883
3
1161
811
369
111
620
864
458
1638
1315
232
296
454
452
419
