             NaN             NaN   0.0000000e+00   8.2000000e+01   0.0000000e+00   1.0000000e+00   0.0000000e+00   7.0937400e+01   1.2330490e+02   1.7382000e+00   1.9334000e+01   2.7255016e+01   1.5679831e+01
   8.4000000e+01             NaN   0.0000000e+00   1.8700000e+02   0.0000000e+00   0.0000000e+00   2.0000000e+00   2.2710900e+01   8.2419900e+01   3.6291000e+00   9.5040000e-01   4.1847747e+00   1.1531196e+00
   6.6000000e+01   8.0000000e+01   1.0000000e+00   6.9100000e+02   0.0000000e+00   0.0000000e+00   1.0000000e+00   5.0798400e+01   1.1318600e+02   2.2281000e+00   2.0257400e+01   3.9878028e+01   1.7897443e+01
   6.3000000e+01             NaN   0.0000000e+00   8.1200000e+02   0.0000000e+00   1.0000000e+00   2.0000000e+00   5.6995000e+01   1.6595270e+02   2.9117000e+00   9.2820000e+00   1.6285639e+01   5.5931600e+00
   7.4000000e+01   8.0000000e+01   0.0000000e+00   2.6200000e+02   0.0000000e+00   1.0000000e+00   0.0000000e+00   1.0645400e+01   5.4613700e+01   5.1303000e+00   1.6578000e+00   1.5572924e+01   3.0355021e+00
   4.7000000e+01   6.0000000e+01   0.0000000e+00   1.0400000e+02   1.0000000e+00   1.0000000e+00   1.0000000e+00   1.2602080e+02   1.1558850e+02   9.1720000e-01   0.0000000e+00   0.0000000e+00   0.0000000e+00
   5.9000000e+01   1.0000000e+02   0.0000000e+00   5.9800000e+02   0.0000000e+00   1.0000000e+00   0.0000000e+00   4.3997000e+00   1.0492200e+01   2.3848000e+00   3.6780000e-01   8.3596609e+00   3.5054612e+00
   6.9000000e+01   1.0000000e+02   1.0000000e+00   1.2300000e+02   0.0000000e+00   0.0000000e+00   0.0000000e+00   1.3236900e+01   5.0792300e+01   3.8372000e+00   7.5840000e-01   5.7294382e+00   1.4931397e+00
   6.4000000e+01   6.0000000e+01   1.0000000e+00   1.2700000e+02   0.0000000e+00   0.0000000e+00   0.0000000e+00   6.7572300e+01   8.5503500e+01   1.2654000e+00   4.2690000e+01   6.3176775e+01   4.9927781e+01
   6.4000000e+01   6.0000000e+01   1.0000000e+00   6.1600000e+02   0.0000000e+00   0.0000000e+00   0.0000000e+00   3.1285200e+01   3.4964200e+01   1.1176000e+00   1.4126900e+01   4.5155217e+01   4.0403899e+01
   5.4000000e+01   1.0000000e+02   1.0000000e+00   1.1260000e+03   0.0000000e+00   1.0000000e+00   0.0000000e+00   4.1389700e+01   8.4963700e+01   2.0528000e+00   1.3733100e+01   3.3179994e+01   1.6163491e+01
   6.9000000e+01   6.0000000e+01   1.0000000e+00   8.2800000e+02   0.0000000e+00   1.0000000e+00   1.0000000e+00   3.0602000e+01   8.0579800e+01   2.6332000e+00   5.1817000e+00   1.6932553e+01   6.4305198e+00
   7.1000000e+01   1.0000000e+02   1.0000000e+00   8.6600000e+02   0.0000000e+00   1.0000000e+00   0.0000000e+00   2.9799000e+00   3.7932700e+01   1.2729500e+01   0.0000000e+00   0.0000000e+00   0.0000000e+00
   6.2000000e+01   8.0000000e+01   1.0000000e+00   3.1700000e+02   0.0000000e+00   0.0000000e+00   1.0000000e+00   3.3163100e+01   1.6094860e+02   4.8532000e+00   1.0593800e+01   3.1944541e+01   6.5821014e+00
             NaN             NaN   1.0000000e+00   5.5700000e+02   0.0000000e+00   0.0000000e+00   2.0000000e+00   3.6933100e+01   8.9949800e+01   2.4355000e+00   1.6003200e+01   4.3330238e+01   1.7791257e+01
   7.5000000e+01             NaN   0.0000000e+00   4.1500000e+02   0.0000000e+00   1.0000000e+00   0.0000000e+00   2.6222600e+01   2.0461800e+01   7.8030000e-01   0.0000000e+00   0.0000000e+00   0.0000000e+00
   6.5000000e+01   1.0000000e+02   0.0000000e+00   4.5500000e+02   0.0000000e+00   0.0000000e+00   0.0000000e+00   1.7999000e+01   2.8575500e+01   1.5876000e+00   6.8158000e+00   3.7867659e+01   2.3851901e+01
   5.5000000e+01             NaN   0.0000000e+00   1.7500000e+02   0.0000000e+00   0.0000000e+00   3.0000000e+00   3.1271500e+01   1.7279890e+02   5.5258000e+00   8.7758000e+00   2.8063252e+01   5.0786203e+00
   6.0000000e+01   8.0000000e+01   1.0000000e+00   1.7500000e+02   0.0000000e+00   1.0000000e+00   0.0000000e+00   6.1853000e+00   2.1170100e+01   3.4226000e+00   0.0000000e+00   0.0000000e+00   0.0000000e+00
   7.7000000e+01   8.0000000e+01   1.0000000e+00   2.9800000e+02   0.0000000e+00   0.0000000e+00   0.0000000e+00   3.1803500e+01   0.0000000e+00   0.0000000e+00   5.1490000e-01   1.6190042e+00   0.0000000e+00
             NaN   8.0000000e+01   1.0000000e+00   2.5600000e+02   0.0000000e+00   0.0000000e+00   0.0000000e+00   3.0470800e+01   8.9779700e+01   2.9464000e+00   9.6165000e+00   3.1559723e+01   1.0711219e+01
             NaN   6.0000000e+01   0.0000000e+00   5.4600000e+02   0.0000000e+00   0.0000000e+00   3.0000000e+00   2.8355000e+01   4.7738000e+01   1.6836000e+00   1.1353900e+01   4.0041968e+01   2.3783778e+01
   3.0000000e+01   1.0000000e+02   0.0000000e+00   7.4700000e+02   0.0000000e+00   1.0000000e+00   0.0000000e+00   3.4710100e+01   1.1006190e+02   3.1709000e+00   4.3754000e+00   1.2605553e+01   3.9753993e+00
             NaN   8.0000000e+01   0.0000000e+00   9.4600000e+02   0.0000000e+00   0.0000000e+00   0.0000000e+00   3.1420500e+01   6.5042900e+01   2.0701000e+00   2.7482000e+00   8.7465190e+00   4.2252114e+00
   4.9000000e+01   8.0000000e+01   1.0000000e+00   1.1430000e+03   0.0000000e+00   0.0000000e+00   1.0000000e+00   2.8297200e+01   7.4825100e+01   2.6443000e+00   1.4170300e+01   5.0076686e+01   1.8937897e+01
   5.9000000e+01             NaN   0.0000000e+00   1.0300000e+02   0.0000000e+00   0.0000000e+00   1.0000000e+00   5.2925400e+01   3.3901800e+01   6.4060000e-01   2.0260400e+01   3.8281052e+01   5.9762019e+01
             NaN   8.0000000e+01   1.0000000e+00   4.6800000e+02   0.0000000e+00   0.0000000e+00   2.0000000e+00   1.3878700e+01   1.6298500e+01   1.1744000e+00   2.1970000e+00   1.5830013e+01   1.3479768e+01
             NaN   6.0000000e+01   1.0000000e+00   8.2000000e+01   0.0000000e+00   0.0000000e+00   0.0000000e+00   9.7900000e+01   1.0507540e+02   1.0733000e+00   2.7739000e+00   2.8334014e+00   2.6399138e+00
   5.9000000e+01   8.0000000e+01   1.0000000e+00   4.6700000e+02   0.0000000e+00   0.0000000e+00   0.0000000e+00   1.8842200e+01   6.7397000e+00   3.5770000e-01   7.6411000e+00   4.0553120e+01   1.1337448e+02
             NaN   8.0000000e+01   0.0000000e+00   5.6000000e+02   0.0000000e+00   1.0000000e+00   3.0000000e+00   1.3114800e+01   4.6342700e+01   3.5336000e+00   1.2060000e+00   9.1957178e+00   2.6023516e+00
