123  131  172  180  194  205  224  238  245   252   251
123  146  185  204  217  242  246  251  251   238   212
123  154  202  224  237  245  246  243  223   196   182
123  149  205  226  240  245  239  215  210   208   206
123  129  179  215  231  227  220  216  212   210   207
122  122  131  177  194  193  195  195  195   194   194
121  121  121  112  151  177  178  178  178   178   178
121  121  121  104  120  149  150  150  150   150   150
121  121  121  117   85  128  130  130  130   130   130
121  121  121  121   85  111  111  111  111   111   111
121  121  121  121  100   93   93   93   93    93    93


8994  9870 11748 12522 13227 14003 14771 15329 15425 15464 15491
9006 11291 12569 13419 14388 15101 15434 15481 15521 15542 15694
9054 12333 13626 14530 15214 15470 15528 15534 15743 16250 16417
9025 12650 14426 15096 15420 15504 15815 16294 16414 16500 16514
9022 10856 14804 15299 15708 16253 16385 16477 16506 16520 16520
9033  9073 13905 16017 16335 16438 16442 16495 16520 16520 16520
9034  9034 10958 16153 16442 16442 16452 16520 16520 16520 16520
9035  9035  9407 15105 16441 16451 16520 16520 16520 16520 16520
9042  9042  9062 13393 16487 16520 16520 16520 16520 16520 16520
9042  9042  9042 10886 16436 16520 16520 16520 16520 16520 16520
9042  9042  9042  9407 16041 16520 16520 16520 16520 16520 16520
