130  128  146  160  167  167  180  175  174   173   171
130  122  155  168  174  176  172  171  169   159   150
128  132  174  183  181  173  171  155  149   154   154
124  149  184  182  172  170  161  154  158   157   157
123  154  183  182  174  166  155  157  157   159   166
126  156  186  192  174  168  165  166  166   169   169
129  144  187  205  183  177  178  181  171   172   175
130  124  170  202  205  182  179  180  178   180   184
129  127  142  188  200  186  185  187  189   202   213
129  129  122  167  198  193  199  214  218   217   217
129  129  129  138  203  215  217  223  222   210   189




9003  9130 10095 10563 10885 11144 11331 11437 11448 11440 11405
9019  9698 10587 10933 11138 11330 11425 11432 11441 11503 11613
9061 10288 10967 11114 11216 11442 11513 11605 11731 11967 12208
9147 10823 11214 11311 11422 11747 11880 12184 12342 12502 12588
9276 11138 11430 11508 11722 12282 12469 12607 12640 12708 12738
9284 11285 11564 11631 12112 12633 12718 12792 12893 13119 13392
9076 11111 11659 11722 12400 12901 13102 13385 13696 13968 14251
9042 10495 11813 11803 12678 13388 13783 14228 14391 14627 15011
9047  9498 11833 12165 12784 14123 14616 14804 15269 15361 15396
9047  9050 11338 12772 13098 14834 15223 15391 15438 15459 15602
9051  9051  9289 12724 13915 15288 15449 15529 15692 15846 16097
