   1.9447544e+03   1.7809525e+03   5.0000000e+03   2.1046071e+03   1.4686387e+03   5.0000000e+03   5.0519726e+08   1.1412467e+09   3.0436727e+00   6.4933952e-01   4.7999909e-02   6.4807692e-01   9.7009059e+00   3.4044393e-01   1.1146729e-01   5.7109396e-01   6.2729909e+02   5.0514612e+02   4.9959667e+02   1.1381626e+03   1.0913936e+03   1.1071868e+03   4.0506079e+02   3.8212038e+02   3.6456319e+02   1.2003535e+03   9.4123452e+02   1.0393902e+03   2.6381988e+03   1.9912593e+03   2.2690781e+03
   2.7458654e+03   1.9485961e+03   5.8780000e+03   3.5511882e+03   1.7842779e+03   5.8780000e+03   6.3677910e+08   1.9888084e+09   3.0475455e+00   6.8577779e-01   4.5423898e-02   6.1311687e-01   9.8325758e+00   2.4300805e-01   9.2644628e-02   5.3250722e-01   6.3002874e+02   4.3465266e+02   5.5706536e+02   1.3649375e+03   9.4595240e+02   7.8829414e+02   5.1460077e+02   4.0210346e+02   4.0272155e+02   1.5331374e+03   1.0881200e+03   1.1677572e+03   4.5856494e+03   2.6818194e+03   3.3335808e+03
   3.4389600e+03   1.8336937e+03   6.3420000e+03   3.7298011e+03   1.7432772e+03   6.3420000e+03   4.2803970e+08   1.9839701e+09   2.3437817e+00   6.9264545e-01   4.7194821e-02   6.3029950e-01   5.1959957e+00   2.9840928e-01   7.3626197e-02   5.2861343e-01   5.5817970e+02   5.1654716e+02   4.4567598e+02   1.5609792e+03   1.2083866e+03   1.1842798e+03   4.6199293e+02   4.1063087e+02   4.4245795e+02   1.5063309e+03   1.0419781e+03   1.1582557e+03   4.9650434e+03   2.2668380e+03   3.0098709e+03
   3.3182542e+03   1.9173495e+03   5.7810000e+03   2.8997338e+03   1.6469545e+03   5.7810000e+03   3.9054896e+08   1.5753476e+09   2.9781962e+00   6.6343077e-01   3.1694167e-02   5.8868108e-01   3.7352273e+00   6.7192218e-01   7.5882786e-02   6.1380471e-01   4.8136912e+02   5.3396119e+02   5.6749152e+02   9.8629243e+02   1.1351878e+03   1.4011734e+03   4.2914877e+02   4.0214952e+02   4.9572695e+02   1.1530820e+03   8.9527035e+02   1.0469251e+03   2.8606234e+03   2.1977680e+03   2.9388409e+03
   3.8396410e+03   1.7006416e+03   5.6480000e+03   3.3917299e+03   1.5628360e+03   5.6480000e+03   3.8271695e+08   2.3695384e+09   3.4114803e+00   5.9149508e-01   4.1580955e-02   6.2909808e-01   2.5572771e+00   6.8265873e-01   1.6208649e-01   6.8448487e-01   4.4177401e+02   4.9400775e+02   4.4447622e+02   1.0171703e+03   1.0599589e+03   1.0535702e+03   5.5916924e+02   4.3927695e+02   4.0325849e+02   1.3132995e+03   9.7971670e+02   1.0497622e+03   3.3709145e+03   2.0617799e+03   2.6198827e+03
   3.0560000e+02   6.2703291e+02   2.0260000e+03   2.1984615e+02   4.0143759e+02   1.5890000e+03   5.9513820e+06   1.0821104e+07   1.2145337e+00   4.6538695e-01   4.0379998e-01   7.9446511e-01   3.2708333e+00             NaN   5.4774306e-01   7.9315476e-01   1.9596932e+02   2.2160970e+02   2.0195937e+02   8.5822244e+02   4.1241248e+02   4.6292651e+01   1.2337793e+02   1.7814578e+02   1.1219519e+02   4.5682197e+02   2.7747879e+02   2.2463323e+02   3.1990766e+02   4.8734973e+02   1.3749072e+03
   7.1461111e+02   1.1672344e+03   3.7660000e+03   5.0424818e+02   8.2987420e+02   3.0920000e+03   1.1078959e+08   3.4689883e+08   4.5516369e+00   5.1999319e-01   3.4093212e-01   7.6073380e-01   2.0250000e+00             NaN   5.4375000e-01   7.7708333e-01   4.9736608e+02   4.1758410e+02   6.0705961e+02   5.7826620e+02   5.6023824e+02   6.2499341e+02   3.4007159e+02   3.2329288e+02   3.7112029e+02   4.9037930e+02   4.8263135e+02   7.9054263e+02   5.4401686e+02   5.0208859e+02   8.6760891e+02
   6.3230000e+02   1.4737710e+03   4.2660000e+03   1.0777818e+03   1.4329136e+03   4.2660000e+03   2.4884110e+08   1.2669797e+09   7.1999725e+00   4.2667072e-01   1.6993587e-01   6.3715447e-01   9.5714286e+00             NaN   6.1933107e-01   8.1377551e-01   8.1691995e+02   5.9521147e+02   6.4471263e+02   5.4348195e+02   5.2453720e+02   3.3922881e+02   5.5290065e+02   5.4137535e+02   6.1348152e+02   5.8581058e+02   6.7123481e+02   1.2138381e+03   9.5942243e+02   1.0291513e+03   2.1871389e+03
   2.4920000e+03   3.1232433e+03   6.6490000e+03   3.4520690e+03   2.6364708e+03   6.6490000e+03   2.3011654e+08   4.2814646e+09   7.5694438e+00   5.5231708e-01   8.4956341e-02   6.1962524e-01   0.0000000e+00             NaN   5.0000000e-01   7.5000000e-01   7.2425270e+02   8.8735944e+02   1.5014698e+03   1.7660856e+03   9.6649309e+02   1.7909994e+03   1.0322887e+03   8.2906070e+02   1.0425870e+03   1.7411299e+03   1.3340656e+03   1.4234250e+03   2.3233346e+03   1.8053109e+03   3.8682128e+03
   2.1786000e+03   2.4642511e+03   8.3340000e+03   4.2724310e+03   3.2488879e+03   8.3340000e+03   2.2143946e+08   4.7935614e+09   5.2179583e+00   6.7546260e-01   7.8035020e-02   6.1304349e-01   0.0000000e+00             NaN   2.5000000e-01   2.5000000e-01   4.8520645e+02   1.0317982e+03   9.5827699e+02   1.5741236e+03   2.0248014e+03   2.7504036e+03   8.1418879e+02   8.0810155e+02   8.8030733e+02   1.9939300e+03   2.5408920e+03   3.0927383e+03   3.6510857e+03   3.4304469e+03   3.7681055e+03
   4.2723529e+03   3.0245952e+03   7.8050000e+03   4.8748571e+03   2.5743087e+03   7.8050000e+03   3.2518086e+08   2.6477972e+09   3.7635305e+00   6.5976104e-01   8.2414843e-02   6.6261896e-01   1.9525794e+00   8.1086370e-01   1.8209270e-01   6.7291667e-01   4.5449802e+02   7.4289038e+02   6.9714749e+02   8.6614635e+02   8.7676983e+02   2.0988960e+03   5.5475054e+02   5.6309330e+02   9.5187607e+02   1.1263977e+03   1.0624052e+03   1.4271854e+03   1.8569539e+03   1.2815022e+03   6.8449197e+03
   4.7122941e+03   2.3144514e+03   7.3820000e+03   5.2408471e+03   2.3838855e+03   7.3820000e+03   4.1344442e+08   1.7602725e+09   3.4082491e+00   6.6658047e-01   1.4939470e-01   6.7963085e-01   1.8788538e+00   5.6664515e-01   9.5310822e-02   5.9636371e-01   6.6012827e+02   3.9718449e+02   8.1241839e+02   1.0981150e+03   1.4369929e+03   1.7151763e+03   6.8966289e+02   5.8395701e+02   6.8585691e+02   1.4863523e+03   1.4261893e+03   1.7875520e+03   2.1253355e+03   1.4144998e+03   4.2101513e+03
   1.6150000e+03   1.8259214e+03   4.3350000e+03   3.8371959e+03   1.7092675e+03   4.9380000e+03   3.8346397e+07   8.2753637e+08   5.2830755e+00   4.5325621e-01   3.2839653e-01   7.3763898e-01   6.6666667e-01             NaN   4.3055556e-01   5.2777778e-01   4.1577130e+02   1.3612188e+02   6.7138566e+02   7.2431616e+02   1.3043392e+03   2.1906627e+03   4.7315355e+02   4.3375127e+02   6.6524165e+02   8.7583777e+02   7.3396164e+02   1.3223809e+03   1.8356987e+03   1.1181037e+03   4.0029819e+03
   1.3564286e+02   7.6254238e+01   2.6600000e+02   9.2536842e+01   8.6932452e+01   4.2100000e+02   2.9644000e+05   3.0662400e+06   3.5223963e+00   3.3069209e-01   8.9286220e-02   5.9369002e-01   1.2500000e+00             NaN   5.0000000e-01   4.5833333e-01   3.2319050e+01   3.8747627e+01   4.8590114e+01   5.0617103e+01   6.2919325e+01   5.0888608e+01   3.5102549e+01   3.3427358e+01   4.9112398e+01   4.8760861e+01   5.8460676e+01   7.9701167e+01   1.7493699e+02   1.8582191e+02   2.4328877e+02
   1.5980000e+02   1.3705343e+02   5.5100000e+02   1.1142754e+02   1.1429050e+02   5.7000000e+02   1.0274920e+06   6.6660450e+06   2.6678202e+00   4.2092701e-01   1.1915799e-01   6.4158841e-01   1.0166667e+00   3.3623188e-01   2.3493056e-01   6.5833333e-01   6.7165283e+01   4.3590091e+01   3.9529864e+01   4.2395192e+01   4.6862623e+01   4.1455731e+01   5.4101348e+01   4.0302559e+01   4.3212678e+01   6.7418253e+01   6.7178524e+01   8.2037103e+01   2.7641681e+02   1.5906746e+02   3.5775952e+02
   2.0190323e+02   1.4078621e+02   5.7200000e+02   1.8297248e+02   1.7724457e+02   6.9100000e+02   2.3973710e+06   9.7312370e+06   3.3963665e+00   4.3465156e-01   1.1238371e-01   6.3993413e-01   5.6543269e+00   1.0029083e-01   8.8637204e-02   4.7423649e-01   8.0662303e+01   6.3568945e+01   5.3317096e+01   1.2287781e+02   6.2318634e+01   5.0371446e+01   8.5175620e+01   5.3880479e+01   6.7591442e+01   8.7520221e+01   6.8494356e+01   9.0998367e+01   2.9402921e+02   1.1794119e+02   2.3715350e+02
   3.6173770e+02   3.0574204e+02   1.2460000e+03   3.0422876e+02   2.6213151e+02   1.2170000e+03   7.4606150e+06   2.2613388e+07   2.2679194e+00   6.4140443e-01   7.7055727e-02   6.5471370e-01   1.3732051e+00   6.5815846e-01   1.2636299e-01   6.6451211e-01   1.0643712e+02   6.5245014e+01   7.5672424e+01   1.9438935e+02   1.1213640e+02   7.1589304e+01   1.0835086e+02   6.4673946e+01   7.3076196e+01   1.6095693e+02   1.1457263e+02   9.4195463e+01   3.2964545e+02   2.8887170e+02   3.1975485e+02
   4.9240476e+02   2.9950614e+02   1.1690000e+03   2.9915730e+02   2.6182184e+02   1.2340000e+03   1.3615116e+07   2.2982793e+07   1.8225502e+00   7.0154732e-01   7.8149067e-02   6.5465977e-01   2.0692417e+00   7.6648717e-01   4.1070137e-02   5.7130010e-01   1.0624200e+02   6.6560623e+01   9.0678050e+01   2.0723509e+02   1.0901290e+02   9.9851970e+01   1.0448599e+02   7.2021991e+01   7.6441507e+01   1.8226661e+02   1.1679645e+02   1.3210159e+02   2.0717284e+02   3.5844553e+02   1.9351177e+02
   5.2425000e+02   6.0933035e+02   2.8290000e+03   6.5375000e+02   6.2011819e+02   3.5710000e+03   1.6929192e+07   2.3215763e+08   1.6003461e+00   6.5239077e-01   1.1714565e-01   7.0245255e-01   5.0842037e-01   5.1221035e-01   2.2707042e-01   7.7143084e-01   2.2899213e+02   2.0426827e+02   1.2904463e+02   3.0048723e+02   1.1775904e+02   1.5976371e+02   1.8734204e+02   1.8374552e+02   2.0104700e+02   4.3724742e+02   3.7656014e+02   4.7347956e+02   7.3162923e+02   6.3262570e+02   8.0941549e+02
   4.2634375e+02   5.5948004e+02   2.0930000e+03   5.8975714e+02   5.7019320e+02   2.7460000e+03   1.3191042e+07   1.8856874e+08   2.0333372e+00   6.6153367e-01   8.7798889e-02   6.4899495e-01   1.8839286e-01             NaN   6.6524713e-01   9.0580357e-01   1.0171844e+02   1.3737220e+02   1.5456998e+02   3.5093239e+02   2.6058613e+02   3.3324742e+02   1.8120602e+02   1.6503734e+02   1.7423258e+02   2.9088942e+02   2.9400092e+02   4.2190908e+02   5.1188300e+02   3.4284730e+02   8.2741015e+02
   5.0642105e+02   5.8412802e+02   1.9410000e+03   5.6652174e+02   4.4391227e+02   1.9980000e+03   2.3580547e+07   1.3422074e+08   2.8946025e+00   5.5716369e-01   5.2488566e-02   5.7477954e-01   3.3245664e+00   5.8324253e-01   2.4810423e-01   7.3294212e-01   2.4578691e+02   1.0174652e+02   1.1693053e+02   4.8927454e+02   2.2998655e+02   2.6574984e+02   1.8200894e+02   1.5775709e+02   1.5941098e+02   3.7091471e+02   2.4025102e+02   2.3232753e+02   4.7200988e+02   4.4187919e+02   4.0775685e+02
   5.9564286e+02   3.0646611e+02   1.1420000e+03   7.5328692e+02   4.7071900e+02   2.6070000e+03   3.3551530e+06   1.2508210e+08   2.3675757e+00   6.1653630e-01   4.4210891e-02   6.0990204e-01   3.7500000e+00  -6.0269360e-01   3.4375000e-01   4.2708333e-01   1.4733890e+02   1.1987276e+02   1.0040831e+02   1.7603401e+02   1.3692615e+02   9.2688254e+01   1.5014914e+02   1.5829703e+02   1.6843713e+02   3.0933089e+02   2.8719570e+02   3.3420635e+02   4.3193652e+02   4.5523122e+02   4.9032850e+02
   7.3607692e+02   5.5018942e+02   2.5380000e+03   6.2300000e+02   3.6184035e+02   1.8280000e+03   1.2106190e+07   9.6522090e+06   1.3010511e+00   7.3329116e-01   6.5720684e-02   6.4689690e-01   1.6388889e+00   6.8226795e-01   1.2481281e-01   7.2243590e-01   1.4437899e+02   7.9690445e+01   1.3502308e+02   1.8754529e+02   1.3203728e+02   1.8455251e+02   7.1622333e+01   8.9261634e+01   8.7691527e+01   1.6737823e+02   1.3011954e+02   1.8355521e+02   8.9589289e+01   6.2576713e+02   4.1041656e+02
   2.4260800e+03   2.0315252e+03   5.0000000e+03   2.7825684e+03   1.7131393e+03   5.0000000e+03   9.1071558e+07   4.7377836e+08   3.7097617e+00   6.7466785e-01   6.5462813e-02   6.4436284e-01   3.5247565e+00   7.4748842e-01   8.2119811e-02   5.5327787e-01   3.3505340e+02   2.7132273e+02   3.0019490e+02   7.0048966e+02   1.0442568e+03   1.2283266e+03   5.3620364e+02   4.1621708e+02   4.4690815e+02   7.8661817e+02   6.9883166e+02   8.6715523e+02   3.0413793e+03   2.0751951e+03   2.1433688e+03
   2.6293529e+03   1.3707381e+03   4.6390000e+03   2.7346165e+03   1.3303076e+03   4.6390000e+03   1.2323955e+08   7.1534091e+08   4.4977675e+00   4.7338665e-01   4.5519375e-02   6.0406024e-01   9.3750000e+00  -6.5156214e-02   2.5000000e-01   5.5977183e-01   8.0764891e+02   4.8014279e+02   3.5304451e+02   5.5884549e+02   9.0773003e+02   6.7480714e+02   5.1200888e+02   4.2322370e+02   5.0456710e+02   7.7913366e+02   8.4502967e+02   7.4431895e+02   1.1764749e+03   1.4030174e+03   1.1329966e+03
   3.2544545e+03   7.1676933e+02   4.8520000e+03   2.8370000e+03   1.4345981e+03   5.1740000e+03   1.2337187e+07   2.6142132e+08   2.0905381e+00   8.0651314e-01   3.9410534e-02   6.0544874e-01   1.9166667e+00  -5.4375000e-01   3.7500000e-01   4.8611111e-01   3.1964816e+02   2.7971850e+02   2.1048385e+02   1.1677220e+03   5.5699662e+02   1.1508047e+03   3.8242437e+02   2.8017866e+02   3.1251711e+02   7.7597698e+02   8.1377513e+02   1.1850070e+03   2.2220956e+03   7.1245194e+02   2.5071414e+03
   2.7465417e+03   6.0355728e+02   4.3100000e+03   2.4493636e+03   1.0825427e+03   4.5770000e+03   2.7604632e+07   2.3565483e+08   1.9376446e+00   7.3851647e-01   5.1612405e-02   6.3483451e-01   2.8222222e+00   4.3604048e-01   1.1729938e-01   5.5962963e-01   2.9408105e+02   1.7407863e+02   1.8642508e+02   7.8744272e+02   3.6713659e+02   2.6104232e+02   3.1359511e+02   2.3650579e+02   2.7273886e+02   6.3666033e+02   4.1837452e+02   5.9441222e+02   1.4700724e+03   9.4397637e+02   1.2761796e+03
   3.4409286e+03   7.8563570e+02   4.2620000e+03   3.1026667e+03   6.8957668e+02   4.2990000e+03   6.9615580e+06   4.4263831e+07   2.2675487e+00   7.6567420e-01   3.4671093e-02   5.6890787e-01   1.2000000e+00             NaN   3.8444444e-01   5.9583333e-01   2.0289437e+02   9.7946577e+01   7.8133044e+01   7.3958314e+02   2.1080001e+02   5.4792990e+02   1.6319612e+02   1.2981272e+02   1.0851124e+02   4.6374682e+02   3.0709434e+02   4.9462048e+02   8.4827531e+02   9.3629683e+02   1.5977164e+03
   5.6353521e+02   4.4225338e+02   2.8630000e+03   7.0708168e+02   4.5684403e+02   2.9770000e+03   7.0212223e+07   2.3498144e+08   1.2099580e+00   7.5900889e-01   8.1870949e-02   7.0783984e-01   1.5381314e+00   5.9694729e-01   1.6548471e-01   7.4688821e-01   2.0376628e+02   1.4275700e+02   1.2813781e+02   3.4955484e+02   2.2640176e+02   2.5188459e+02   1.2522110e+02   1.0621444e+02   1.1751554e+02   2.5941923e+02   1.8357562e+02   2.7070682e+02   5.2599472e+02   4.2378853e+02   8.1939501e+02
   5.1865169e+02   3.2504825e+02   1.5620000e+03   6.4546067e+02   3.3391707e+02   3.7170000e+03   4.7743591e+07   2.0650494e+08   1.7723796e+00   6.3568742e-01   5.5704207e-02   6.4871354e-01   3.0550595e+00   4.1175046e-01   4.7664635e-02   5.5617890e-01   2.1866550e+02   1.4021981e+02   1.2524959e+02   2.8602313e+02   2.5624993e+02   3.0880685e+02   1.4308589e+02   1.0190032e+02   1.0717624e+02   2.5979419e+02   2.1956690e+02   2.5646788e+02   3.3908367e+02   3.7446452e+02   4.4059078e+02
   6.9436471e+02   4.8634168e+02   3.5970000e+03   6.5988114e+02   3.2442947e+02   3.1880000e+03   4.9362193e+07   2.1061585e+08   1.3235231e+00   5.6910013e-01   9.4556473e-02   7.0216798e-01   7.8537037e-01   6.9630851e-01   1.7495754e-01   7.7563272e-01   2.5753428e+02   1.6848121e+02   9.7058399e+01   3.2364545e+02   3.1918012e+02   2.8798040e+02   1.8708282e+02   8.7562183e+01   7.9152409e+01   3.1517786e+02   1.8906251e+02   1.5893641e+02   4.4177362e+02   3.3363366e+02   3.4306118e+02
   6.1369048e+02   3.0711797e+02   1.6860000e+03   7.0100139e+02   3.4712203e+02   2.5740000e+03   2.1177617e+07   1.6395974e+08   1.3654770e+00   6.6628713e-01   9.5199798e-02   7.2379891e-01   1.2155042e+00   7.6135931e-01   9.8542379e-02   7.1494032e-01   1.5207071e+02   1.0196399e+02   1.0760894e+02   3.8050512e+02   2.1168634e+02   1.8998453e+02   1.4334753e+02   8.7833638e+01   8.4304885e+01   3.0958218e+02   1.4472218e+02   1.5235282e+02   5.8081474e+02   3.9552246e+02   2.8221621e+02
   7.0813889e+02   3.4845338e+02   1.5290000e+03   7.2751604e+02   3.3718186e+02   2.0610000e+03   2.6553729e+07   1.7264248e+08   1.9864293e+00   6.4217450e-01   4.8856428e-02   6.4781547e-01   2.2969318e+00   6.4175143e-01   6.5959326e-02   5.8783242e-01   1.8566542e+02   1.2707947e+02   1.1882297e+02   3.0652421e+02   2.6635418e+02   1.9422111e+02   1.4923463e+02   1.0228197e+02   9.1311174e+01   2.2484764e+02   1.7788121e+02   1.7419148e+02   6.8603904e+02   4.2490044e+02   2.9957287e+02
   1.9781818e+02   1.7987819e+02   4.4100000e+02   3.0376000e+02   2.5645547e+02   7.6000000e+02   1.4512310e+06   1.1978009e+07   7.3469145e+00   4.4696696e-01   7.0952846e-02   5.5391310e-01   8.9821429e+00  -2.3456184e-01   2.5191327e-01   4.3363095e-01   3.5173264e+01   3.1750889e+01   5.4324350e+01   1.5021265e+02   9.9102973e+01   9.2677334e+01   1.3347460e+02   8.6809009e+01   8.1666660e+01   2.1953599e+02   1.1313420e+02   8.3495109e+01   5.0022927e+02   2.0004292e+02   2.4124491e+02
   2.3900000e+02   2.7894265e+02   6.6400000e+02   2.8923457e+02   2.2288586e+02   8.9600000e+02   1.9863670e+06   1.7747631e+07   4.8099613e+00   3.3884822e-01   4.7334332e-02   5.6646553e-01   0.0000000e+00             NaN   0.0000000e+00   0.0000000e+00   8.6747508e+01   1.9097932e+02   8.3915945e+01             NaN             NaN             NaN   1.3508110e+02   9.9701941e+01   1.0148597e+02   1.5913605e+02   1.3647808e+02   1.7246052e+02   4.2379272e+02   2.2398782e+02   1.0491107e+02
   8.8566667e+02   3.1832740e+02   1.2120000e+03   4.3266197e+02   3.4330935e+02   1.1630000e+03   8.3808700e+05   2.2261344e+07   4.5868368e+00   5.3886819e-01   5.3944718e-02   5.5656755e-01   0.0000000e+00             NaN   0.0000000e+00   0.0000000e+00   8.4966039e+01   9.5301353e+01   7.6931742e+01   1.6532450e+02   3.9029613e+02   1.4447208e+02   1.2921288e+02   1.2666145e+02   1.2278714e+02   2.7415110e+02   1.4792747e+02   1.8853075e+02   2.1715325e+02   3.1874232e+02   3.3406465e+02
   3.3150000e+03   1.5156524e+03   5.0000000e+03   2.5675000e+03   1.7557004e+03   5.0000000e+03   2.7038847e+07   7.3337241e+07   2.4187500e+00   7.9442871e-01   1.0976563e-01   5.8104167e-01   2.6250000e+00             NaN   1.5625000e-01   2.5416667e-01   3.1260794e+02   4.2010831e+02   3.0510258e+02   4.6052580e+02   1.3156696e+03   2.6415536e+03   5.9567302e+02   3.2169920e+02   3.1418564e+02   1.8433074e+03   8.8401060e+02   1.4819273e+03             NaN             NaN             NaN
   2.7766250e+03   1.3922750e+03   5.1660000e+03   3.2624468e+03   1.3987560e+03   5.1660000e+03   1.3301889e+08   2.4224215e+08   2.0944885e+00   7.7767652e-01   4.8851381e-02   6.3257073e-01   3.0397409e+00   7.2944439e-01   8.9478738e-02   5.4259551e-01   4.2802933e+02   3.4547153e+02   3.3305118e+02   1.5343599e+03   7.6189089e+02   6.4027533e+02   3.8560823e+02   3.1464606e+02   2.5765877e+02   1.6767371e+03   1.2362331e+03   9.3889241e+02   3.4755424e+03   2.3260430e+03   2.3870299e+03
   2.3134375e+03   9.0010244e+02   3.8360000e+03   2.4733209e+03   1.1686026e+03   5.0080000e+03   4.4361440e+07   3.2556592e+08   1.6925602e+00   7.7292365e-01   4.3876961e-02   6.4634440e-01   1.0000000e+00             NaN   5.7291667e-01   7.3437500e-01   2.4026908e+02   3.1697673e+02   2.9688426e+02   9.9372731e+02   3.0038097e+02   6.8229800e+02   3.1239587e+02   2.7052637e+02   2.8867350e+02   1.2662595e+03   6.6450826e+02   5.9038835e+02   2.5020684e+03   1.1856884e+03   1.6408168e+03
   2.0770000e+03   1.0469158e+03   3.5410000e+03   2.7987748e+03   1.0581201e+03   5.7910000e+03   2.7196189e+07   6.2504568e+08   2.0239176e+00   4.7306658e-01   6.7725159e-02   6.4904993e-01   2.7500000e+00             NaN   3.7500000e-01   3.1250000e-01   4.1909026e+02   3.9722952e+02   2.4163092e+02   1.8194109e+02   1.9715234e+02   7.6973582e+02   5.0739068e+02   4.1606985e+02   3.8104227e+02   1.2488556e+03   1.0126127e+03   8.2136149e+02   1.7299967e+03   9.0492383e+02   9.6975164e+02
   2.7982727e+03   2.0891461e+03   6.5350000e+03   3.1891027e+03   1.2715575e+03   6.5350000e+03   6.3160054e+07   4.8942949e+08   1.2081749e+00   7.8006214e-01   5.4640697e-02   6.5199933e-01   8.3333333e-02             NaN   3.7500000e-01   4.5833333e-01   4.5434241e+02   5.4935785e+02   4.5120718e+02   1.2487515e+03   3.7487639e+02   6.1508263e+02   5.2294801e+02   3.6995606e+02   3.3313135e+02   1.0881194e+03   6.0331803e+02   7.4143706e+02   2.7452575e+03   2.6692744e+03   1.8951797e+03
   1.5755556e+02   5.3671869e+02   2.7470000e+03   2.0333333e+02   4.7640628e+02   2.5210000e+03   3.5437914e+07   1.6032360e+08   2.8728531e+00   2.4430633e-01   5.5661518e-01   8.4815085e-01   0.0000000e+00             NaN   1.0000000e+00   1.0000000e+00   2.3562148e+02   1.0980833e+02   2.3087223e+02   3.4678863e+01   6.8161131e+01   8.7962490e+01   2.5714979e+02   1.7442107e+02   2.2136092e+02   2.3565176e+02   1.3636686e+02   1.5971584e+02   2.3725125e+02   2.2633106e+02   2.3669487e+02
   1.4744839e+03   1.4726669e+03   4.8150000e+03   4.8073288e+02   7.6975249e+02   3.6590000e+03   1.0406753e+08   2.2954727e+08   2.8615237e+00   5.5150524e-01   2.5904867e-01   7.1938321e-01   2.0583333e+00   7.9591501e-01   1.0909722e-01   5.5868056e-01   4.7356548e+02   3.0246110e+02   3.8969343e+02   8.5451928e+02   4.6244697e+02   6.3555460e+02   2.7953978e+02   2.3668638e+02   2.0328470e+02   6.8016934e+02   4.0940966e+02   5.6417643e+02   1.2396088e+03   6.2302755e+02   5.6555476e+02
   5.2108333e+02   7.1068637e+02   2.4590000e+03   5.4523404e+02   7.6898679e+02   4.6150000e+03   3.2024307e+07   2.0706632e+08   3.1063313e+00   6.1978658e-01   2.3588065e-01   6.9678124e-01   1.0833333e+00             NaN   5.1388889e-01   7.2569444e-01   3.0153432e+02   1.7963280e+02   1.6692339e+02   6.7348298e+02   2.4349751e+02   2.9754086e+02   2.9904074e+02   2.0100836e+02   2.2934596e+02   5.8750107e+02   2.9940041e+02   2.9594223e+02   9.6311958e+02   4.2101750e+02   4.3073314e+02
   8.7786957e+02   7.6123830e+02   2.9540000e+03   5.9126241e+02   5.9423060e+02   2.1790000e+03   5.7222675e+07   1.2180842e+08   3.3663179e+00   6.5231102e-01   1.0002078e-01   6.4253947e-01   1.6929563e+00   5.4181533e-01   1.7502785e-01   6.2442130e-01   3.7215757e+02   2.2441063e+02   2.4120699e+02   2.4669997e+02   1.1770443e+02   8.0200195e+01   2.5790428e+02   1.6870318e+02   1.5360518e+02   4.5815422e+02   1.9170104e+02   2.9512362e+02   1.1657749e+03   6.0126121e+02   6.5165122e+02
   7.4569697e+02   3.7328738e+02   1.3530000e+03   3.9888344e+02   3.3205547e+02   1.4540000e+03   1.0122196e+07   6.1557519e+07   3.5853847e+00   5.3860134e-01   4.9076801e-02   5.5176048e-01   2.1845238e+00   6.7162458e-01   9.6769495e-02   5.7432209e-01   1.0963865e+02   8.0156148e+01   1.0427360e+02   4.0821054e+02   1.4212866e+02   1.1733588e+02   1.3342236e+02   1.0219926e+02   1.2023210e+02   2.6138155e+02   1.5666015e+02   1.2406211e+02   7.5649333e+02   4.0144360e+02   2.0633461e+02
   2.2328571e+02   5.1974437e+02   1.6420000e+03   2.6027407e+02   7.1849267e+02   4.7710000e+03   2.5912429e+07   1.6523731e+08   1.1724317e+00   5.3099261e-01   6.5185930e-01   9.0587331e-01   1.3508403e+00             NaN   8.3414837e-01   9.3142507e-01   2.0320401e+02   2.3653128e+02   1.3627247e+02   2.1360020e+02   2.0154278e+02   2.9118908e+02   2.9689499e+02   1.9905086e+02   2.2396667e+02   3.4877850e+02   2.8733944e+02   2.9201587e+02   8.8775939e+02   6.6706606e+02   6.6457246e+02
   6.4557143e+02   1.0355120e+03   3.0350000e+03   4.7924121e+02   9.0173185e+02   4.4240000e+03   6.5782240e+07   5.6656456e+08   3.0579682e+00   4.6771256e-01   4.0941088e-01   7.7986251e-01   7.5416667e+00             NaN   6.2847222e-01   7.8229167e-01   4.3541068e+02   2.6607255e+02   4.0591533e+02   7.6969352e+02   2.9482476e+02   4.1730057e+02   3.8930714e+02   3.0729749e+02   3.3813912e+02   6.0920189e+02   3.2628724e+02   3.8643429e+02   1.1303009e+03   5.8498713e+02   5.0167386e+02
   3.1578125e+02   6.6977000e+02   2.7970000e+03   3.0436913e+02   6.4889819e+02   2.8210000e+03   8.2029304e+07   1.5927958e+08   2.2476307e+00   6.1380140e-01   5.2299747e-01   8.3067110e-01   7.4953373e+00   1.6360061e-01   5.0962233e-01   7.6987759e-01   3.6742178e+02   2.6639574e+02   2.6788422e+02   2.9293167e+02   3.5736715e+02   3.1209906e+02   2.5508905e+02   1.6173396e+02   2.4364780e+02   4.3946124e+02   2.8600115e+02   3.2457458e+02   6.6090523e+02   3.7324784e+02   4.1968204e+02
   9.7262500e+02   9.2447470e+02   3.4120000e+03   8.3181333e+02   9.1963889e+02   3.8850000e+03   1.2883124e+08   4.1380088e+08   3.4969609e+00   4.3146097e-01   1.4063737e-01   6.4370227e-01   2.8333333e+00   4.6910035e-01   1.2828704e-01   6.2509259e-01   4.0413539e+02   3.8751113e+02   2.6291377e+02   8.7875312e+02   6.5301079e+02   4.0431982e+02   4.3199630e+02   3.1166291e+02   3.2724166e+02   5.2905056e+02   5.2937051e+02   4.6811579e+02   1.2652406e+03   8.7158379e+02   5.7923768e+02
   1.7483462e+03   1.0105296e+03   3.8380000e+03   1.4340132e+03   1.2661409e+03   5.1580000e+03   7.2672712e+07   7.7996805e+08   3.7126988e+00   5.3428236e-01   8.0592624e-02   6.2581103e-01   3.3583333e+00   5.7789960e-01   1.3555556e-01   5.1250000e-01   4.1649657e+02   2.9849069e+02   3.7068070e+02   8.2964016e+02   3.4694798e+02   6.6735820e+02   6.0003713e+02   4.0105818e+02   4.3433707e+02   1.3877123e+03   5.0506767e+02   6.8261200e+02   1.6408558e+03   7.4038156e+02   1.0439287e+03
   6.8613793e+02   6.1547204e+02   1.8970000e+03   8.1522222e+02   6.9332453e+02   4.4000000e+03   2.7652779e+07   2.8493530e+08   2.7858766e+00   5.6964433e-01   6.7318001e-02   6.2633946e-01   1.8333333e+00   7.8219152e-01   4.2150298e-01   8.5689484e-01   1.6463027e+02   2.0007320e+02   2.1643506e+02   2.8507148e+02   3.7486593e+02   5.9213229e+02   2.4131523e+02   1.8382058e+02   2.4651146e+02   4.7180078e+02   4.0375213e+02   7.7304906e+02   5.6995606e+02   3.8312182e+02   7.0217470e+02
   1.7175000e+03   1.5868050e+03   5.6450000e+03   1.1284058e+03   8.9693486e+02   4.3270000e+03   6.4645536e+07   4.0485034e+08   2.4874162e+00   6.1330631e-01   5.5216065e-02   6.2192376e-01   1.2500000e+00             NaN   3.9062500e-01   5.2604167e-01   6.8352902e+02   3.7713649e+02   2.6719211e+02   1.1156267e+03   4.7556690e+02   7.8199903e+02   3.0174286e+02   2.8926891e+02   3.1284001e+02   5.8039597e+02   7.0054854e+02   8.6817211e+02   6.7613778e+02   1.0762513e+03   9.4308405e+02
   1.4433636e+03   4.7961816e+02   2.4940000e+03   1.0247117e+03   8.4515570e+02   3.8430000e+03   4.1550533e+07   2.8262379e+08   2.4618891e+00   6.3637014e-01   7.1258281e-02   6.2425740e-01   6.3833333e+00  -3.8658009e-01   3.4055556e-01   3.6111111e-01   3.3908149e+02   2.2726977e+02   3.1302260e+02   1.2820178e+02   5.9345969e+02   7.8695721e+02   2.4880083e+02   2.3828738e+02   3.1199995e+02   5.2049607e+02   5.1979987e+02   5.5501171e+02   9.9388199e+02   9.4125505e+02   6.9113125e+02
   1.1518000e+03   7.4794574e+02   2.4490000e+03   1.0501221e+03   7.9484140e+02   2.9680000e+03   4.5795480e+07   3.9845609e+08   3.7409268e+00   5.4764630e-01   3.2634065e-02   5.5386898e-01   4.4920635e+00   4.6699118e-02   2.2089947e-01   4.5449735e-01   2.6238347e+02   2.0881828e+02   2.6285183e+02   2.7995532e+02   4.3236693e+02   5.3033795e+02   2.9848563e+02   2.7538904e+02   2.9901438e+02   5.1702532e+02   4.6589295e+02   6.1573558e+02   6.8629491e+02   5.7048871e+02   8.5837052e+02
   7.4704348e+02   6.9706720e+02   2.3600000e+03   9.6278626e+02   6.1236439e+02   2.6040000e+03   4.6027160e+07   3.0129875e+08   3.6896753e+00   5.1755443e-01   3.1278252e-02   5.5426405e-01   1.3518750e+01  -3.5852911e-01   2.3617188e-01   4.3125000e-01   3.4149023e+02   1.7585284e+02   1.9620725e+02   4.4516642e+02   4.5084370e+02   2.7227513e+02   2.2939311e+02   1.8726900e+02   2.6015759e+02   4.3079108e+02   3.7059388e+02   3.6958365e+02   7.7020199e+02   5.6252091e+02   6.3853980e+02
   4.9390323e+02   3.6442085e+02   1.5180000e+03   5.6925763e+02   3.1666595e+02   1.6290000e+03   1.0211835e+07   8.0860261e+07   2.3572827e+00   6.0948075e-01   3.7571542e-02   5.6972225e-01   8.4984244e-01   4.7150156e-01   1.5214148e-01   7.1478466e-01   1.6373344e+02   1.2929552e+02   1.2846255e+02   1.9116270e+02   2.2714495e+02   2.1877817e+02   1.0945691e+02   1.0299361e+02   1.3272987e+02   3.6231123e+02   2.3181936e+02   2.7605098e+02   4.3251445e+02   3.7841057e+02   6.8956385e+02
   5.3952000e+02   3.9474766e+02   1.5870000e+03   5.5233333e+02   3.5406912e+02   1.7600000e+03   2.2726075e+07   7.1979773e+07   3.3519537e+00   5.1263670e-01   3.8500334e-02   5.5801095e-01   1.6194987e+00   7.5449963e-01   6.6560052e-02   6.3200670e-01   1.3379665e+02   1.0062384e+02   1.4334178e+02   2.9433521e+02   1.1632235e+02   1.8102685e+02   1.3501081e+02   1.1239641e+02   1.5159466e+02   2.7811628e+02   1.8277260e+02   2.7774394e+02   5.3588107e+02   2.4919369e+02   3.2708656e+02
   4.2645000e+02   1.8025026e+02   7.7500000e+02   3.1368182e+02   1.9300454e+02   8.8400000e+02   2.8190940e+06   1.5650836e+07   3.5417124e+00   3.6753543e-01   4.1042599e-02   5.4900483e-01   8.5902778e+00   2.8572270e-01   1.0006559e-01   4.3560516e-01   7.1256424e+01   5.6767537e+01   9.8969409e+01   2.7410004e+02   1.3958795e+02   1.2140931e+02   8.0666055e+01   7.2919017e+01   9.0380680e+01   2.2331082e+02   1.4045441e+02   1.5646303e+02   2.4277191e+02   1.3864041e+02   1.5928434e+02
   5.7317391e+02   1.8465931e+02   8.4600000e+02   5.4324000e+02   2.6750972e+02   1.1150000e+03   6.2403320e+06   1.2398506e+07   3.8339731e+00   5.3107503e-01   4.0892516e-02   5.1878856e-01   6.3243056e+00   1.7574184e-01   8.4299769e-02   4.5034392e-01   1.1752751e+02   1.0365024e+02   1.0685108e+02   2.5548419e+02   8.8429881e+01   1.2577762e+02   1.4658323e+02   1.2187696e+02   1.1798462e+02   2.7894532e+02   1.7786467e+02   9.6930875e+01   4.7999176e+02   3.3310847e+02   2.6825582e+02
   6.0600000e+02   0.0000000e+00   6.0600000e+02   7.0363043e+02   3.8640315e+02   1.9550000e+03   6.1562000e+04   2.4045527e+07   2.3884807e+00   3.5733564e-01   7.2813188e-02   5.9062576e-01   0.0000000e+00             NaN   1.0000000e+00   1.0000000e+00   5.4337767e+01   1.2916850e+02   4.4609006e+01             NaN             NaN             NaN   1.6665959e+02   1.3996869e+02   1.9399880e+02   1.5264679e+02   1.9981256e+02   1.9084221e+02   5.6012790e+02   4.4470282e+02   4.6528324e+02
   0.0000000e+00   0.0000000e+00   0.0000000e+00   8.4230000e+02   1.8291349e+02   1.1250000e+03   0.0000000e+00   1.1862370e+06   4.8452381e+00   3.2453532e-01   1.4207483e-01   4.8611111e-01   0.0000000e+00             NaN   0.0000000e+00   0.0000000e+00             NaN             NaN             NaN             NaN             NaN             NaN   6.9236158e+01   9.5176101e+01   7.9683258e+01   1.6764919e+02   1.6668010e+02   1.5377348e+02             NaN             NaN             NaN
   0.0000000e+00   0.0000000e+00   0.0000000e+00   6.5200000e+02   2.2644941e+02   9.0500000e+02   0.0000000e+00   9.8205400e+05   1.3250000e+01             NaN   2.8125000e-01   2.4687500e-01   0.0000000e+00             NaN   0.0000000e+00   0.0000000e+00             NaN             NaN             NaN             NaN             NaN             NaN   5.2894078e+01   9.8901606e+01   1.5471491e+02   3.8853425e+01   2.2606962e+02   1.8087106e+02             NaN             NaN             NaN
   5.1617241e+02   3.5788217e+02   1.3380000e+03   1.1987287e+03   7.6990032e+02   4.7800000e+03   1.8896243e+07   3.1713942e+08   1.6909792e+00   5.1508885e-01   8.1633583e-02   6.8038027e-01   6.8482143e+00   1.2289476e-01   9.5982143e-02   4.6916454e-01   1.6244593e+02   1.6089800e+02   1.5960153e+02   1.9149644e+02   3.4297231e+02   3.3929201e+02   2.9113199e+02   2.6767226e+02   2.9071706e+02   7.4105392e+02   3.8906610e+02   4.8627672e+02   1.1401071e+03   7.7908140e+02   9.0654594e+02
   1.1052105e+03   5.4958000e+02   1.7830000e+03   1.2583333e+03   9.2335076e+02   4.3090000e+03   3.7785172e+07   4.1118868e+08   2.9551381e+00   5.7126683e-01   4.1589789e-02   5.7470647e-01   2.9722222e+00             NaN   3.3719136e-01   4.5671296e-01   2.6610612e+02   2.4741226e+02   2.6037767e+02   5.2593484e+02   3.1644111e+02   4.7949243e+02   3.3888873e+02   2.8750043e+02   2.8430052e+02   1.0148387e+03   5.9584217e+02   5.2094578e+02   1.1237040e+03   5.5744370e+02   7.4264697e+02
   1.7584783e+03   1.3148133e+03   4.9860000e+03   1.6824048e+03   1.3990671e+03   6.8100000e+03   1.1532314e+08   1.0750653e+09   3.1180416e+00   4.9276939e-01   6.3612706e-02   5.8092273e-01   7.3229167e+00   1.6402185e-01   1.8098958e-01   4.3263889e-01   6.2661030e+02   5.1526383e+02   5.4321106e+02   1.0088804e+03   8.1771936e+02   6.5202028e+02   6.5587638e+02   4.5590452e+02   4.9030686e+02   9.3616292e+02   8.1904559e+02   9.7961878e+02   9.3498902e+02   1.2070188e+03   1.1116937e+03
   1.8530800e+03   1.0068972e+03   3.5870000e+03   2.1242048e+03   1.6029991e+03   1.1081000e+04   1.3100545e+08   1.6358196e+09   3.1420583e+00   4.0150765e-01   4.9819905e-02   5.8048169e-01   6.5791667e+00   5.8707551e-02   1.5673611e-01   4.0444444e-01   5.0762998e+02   7.2228695e+02   3.2490333e+02   1.1325187e+03   5.6424020e+02   1.1488706e+03   7.3948399e+02   5.2165794e+02   6.2299210e+02   1.2365087e+03   8.5993975e+02   9.4896143e+02   1.5727971e+03   1.5130569e+03   9.5619055e+02
   2.1788500e+03   1.7117453e+03   5.5580000e+03   2.1427405e+03   1.5225386e+03   6.6800000e+03   6.5063672e+07   1.4789229e+09   4.6390169e+00   3.1687333e-01   3.4049862e-02   5.2131951e-01   3.0937500e+00   7.4590818e-01   2.2395833e-01   6.4479167e-01   4.7434874e+02   3.8735377e+02   3.8380428e+02   1.0433133e+03   4.9041044e+02   9.9850479e+02   7.5749452e+02   5.2672905e+02   6.0235325e+02   1.2552235e+03   7.0672243e+02   9.7044209e+02   1.6903508e+03   1.8844554e+03   9.0768259e+02
   1.6143333e+03   1.3410976e+03   3.0570000e+03   3.7495775e+03   1.9201870e+03   5.0590000e+03   8.8095767e+07   7.2290600e+08   6.1187430e+00   5.7935938e-01   3.0902982e-01   7.6115858e-01   5.0000000e+00  -5.1851852e-01   4.0625000e-01   4.0625000e-01   8.3882678e+02   4.8796874e+02   8.7464478e+02   3.5931363e+02   1.9438017e+03   1.4173273e+03   5.0074975e+02   5.0397789e+02   7.4607607e+02   1.3415748e+03   1.2977182e+03   2.1889073e+03   2.4589201e+03   2.4684163e+03   1.7568593e+03
   5.5462500e+03   5.4195460e+02   5.8400000e+03   4.4724167e+03   2.3738210e+03   5.8400000e+03   8.2767733e+07   6.5025245e+08   1.2079911e+01   3.4674976e-01   3.4289439e-01   7.3448306e-01   9.6250000e+00             NaN   2.7430556e-01   4.4791667e-01   9.9607896e+02   8.1339863e+02   4.4992395e+02   6.2067096e+02   3.9653216e+02   5.5397033e+02   1.2228927e+03   1.1137335e+03   1.4153826e+03   6.5707769e+02   1.6503549e+03   1.2217661e+03   1.9881463e+02   1.0034261e+02   3.3762980e+03
   2.3616000e+03   1.3685974e+03   4.4770000e+03   2.8267200e+03   1.2175938e+03   4.4770000e+03   5.5897620e+06   1.9995730e+08   3.8085818e+00   5.3859742e-01   5.9437249e-02   5.9351842e-01   0.0000000e+00             NaN   0.0000000e+00   0.0000000e+00   2.9387312e+02   1.8637507e+02   2.2049329e+02   9.5985496e+02   3.7586365e+02   9.9318277e+01   4.5315556e+02   3.0422941e+02   3.5866024e+02   1.0965332e+03   6.6948636e+02   5.7847630e+02   2.9163631e+03   6.5112871e+02   1.4406496e+03
   1.8592857e+03   1.6303394e+03   4.1590000e+03   1.6451832e+03   1.7127013e+03   4.4070000e+03   5.8300695e+07   1.0519534e+09   7.3850868e+00   5.3488731e-01   1.5948048e-01   6.8275088e-01   9.0000000e+00             NaN   1.2500000e-01   3.5714286e-02   7.2071225e+02   5.3285510e+02   4.7838723e+02   7.1559951e+02   4.0150875e+02   6.0120192e+02   6.2486579e+02   5.1240445e+02   5.2833463e+02   1.2771375e+03   1.1607627e+03   8.9833396e+02   2.0200250e+03   1.9062791e+03   1.7227752e+03
   3.0071290e+03   1.6653416e+03   4.6870000e+03   2.6386867e+03   1.7308677e+03   4.6870000e+03   2.8033035e+08   1.3366067e+09   6.1501978e+00   5.5280724e-01   6.1445598e-02   6.1102495e-01   1.0780682e+01   2.4047242e-01   1.5118285e-01   5.8788781e-01   4.2974624e+02   4.0996789e+02   7.4326910e+02   6.5620811e+02   1.2784597e+03   2.4873144e+03   4.6665552e+02   4.5186105e+02   6.0297858e+02   9.3156208e+02   1.1201128e+03   1.7878237e+03   1.0591466e+03   2.1924074e+03   3.3302282e+03
   2.6048421e+03   1.7916216e+03   5.0760000e+03   1.9564246e+03   1.8845366e+03   5.0760000e+03   2.5491018e+08   1.5257535e+09   5.2460455e+00   6.3923332e-01   1.1706537e-01   7.0024184e-01   5.0235390e+00   6.0207482e-01   1.0969940e-01   6.2846997e-01   4.4548787e+02   3.9591860e+02   6.0068498e+02   1.1089175e+03   6.2503330e+02   1.4465544e+03   5.9898600e+02   4.5839857e+02   6.5634183e+02   1.1649067e+03   8.7119740e+02   1.0565868e+03   2.2636299e+03   1.9560843e+03   2.2732114e+03
   1.7106111e+03   1.5208699e+03   4.8910000e+03   1.8242273e+03   1.5769208e+03   4.8910000e+03   1.8427928e+08   1.1844014e+09   6.5376495e+00   3.7690344e-01   7.4714748e-02   5.9077455e-01   4.7500000e+00             NaN   3.7500000e-01   2.5000000e-01   6.3530825e+02   4.8693917e+02   6.3163356e+02   1.1825442e+03   1.0391632e+03   1.0671965e+03   6.1766594e+02   4.4051417e+02   5.4500421e+02   1.0148911e+03   8.6683581e+02   9.1824710e+02   1.8124311e+03   1.7436224e+03   1.7074984e+03
   2.8727667e+03   1.5603275e+03   4.9320000e+03   2.2653974e+03   1.5528154e+03   4.9320000e+03   2.0535805e+08   1.3856541e+09   6.0019043e+00   4.2542271e-01   3.9156505e-02   5.3749914e-01   3.3492424e+00   4.0849400e-01   1.4323118e-01   5.8358586e-01   5.4014841e+02   5.2904056e+02   6.9779751e+02   1.0835554e+03   8.6998953e+02   1.3585604e+03   6.1209876e+02   5.1172132e+02   6.6414317e+02   1.1478174e+03   9.5249578e+02   1.0869813e+03   1.4905808e+03   2.5180119e+03   1.6596364e+03
   1.5925000e+03   1.1868376e+03   3.2230000e+03   1.5551280e+03   1.6053975e+03   4.4900000e+03   1.0846592e+08   9.1470482e+08   4.5793725e+00   6.5105266e-01   1.6218750e-01   7.0597510e-01   2.5416667e+00             NaN   5.2430556e-01   6.6250000e-01   5.1871836e+02   4.6138091e+02   4.8533240e+02   5.2657195e+02   1.1034955e+03   4.8709585e+02   5.6291523e+02   4.2039942e+02   6.0658167e+02   1.1263334e+03   6.5812153e+02   1.0615931e+03   1.9548084e+03   2.1886779e+03   1.9122714e+03
   2.5102000e+03   2.3226246e+03   4.7850000e+03   1.8025402e+03   2.0735654e+03   4.7850000e+03   1.2353235e+08   1.0091151e+09   8.5693964e+00   5.5021260e-01   2.5155723e-01   7.5051273e-01   1.2250000e+01             NaN   1.2500000e-01   3.1250000e-02   7.3792841e+02   4.3628803e+02   7.1229423e+02   4.3715249e+02   3.5522408e+02   9.8725112e+02   6.2253462e+02   5.6179173e+02   9.1247803e+02   1.0395691e+03   1.1405920e+03   2.2511556e+03   2.4507979e+03   2.7734662e+03   3.6554789e+03
   4.0000000e+00   0.0000000e+00   4.0000000e+00   8.1414706e+02   6.9782721e+02   2.8910000e+03   5.1120600e+05   7.5076538e+07   2.9796595e+00   6.0181222e-01   8.8936006e-02   6.3535427e-01   0.0000000e+00             NaN   1.0000000e+00   1.0000000e+00   2.5211449e+00   5.0286159e+01   2.2659928e+02             NaN             NaN             NaN   2.8782956e+02   1.6411316e+02   1.7291947e+02   6.3188377e+02   3.7213637e+02   3.5736075e+02   4.5718600e+02   4.0450584e+02   6.9741916e+02
   3.5995918e+02   2.5708283e+02   9.6100000e+02   6.3037121e+02   6.5251272e+02   2.8040000e+03   1.1153180e+07   4.1495206e+08   4.1255327e+00   4.1200745e-01   1.0987657e-01   6.4494234e-01   3.6448104e+00   5.6980216e-01   4.9456962e-02   5.6161962e-01   9.5480131e+01   1.1264716e+02   1.5261028e+02   3.5311641e+02   2.3282106e+02   3.2107681e+02   2.6899666e+02   2.2301131e+02   3.3739031e+02   4.1264887e+02   3.4998949e+02   4.3998183e+02   7.0992676e+02   3.3145112e+02   5.2856396e+02
   9.2733333e+02   8.7569674e+02   2.4260000e+03   1.2595213e+03   1.3091663e+03   5.1280000e+03   1.4102065e+08   1.3379648e+09   3.6474621e+00   6.0453516e-01   1.6680339e-01   6.8721295e-01   6.2236111e+00   2.4293777e-01   1.9914352e-01   5.3462963e-01   4.4707219e+02   3.1763180e+02   3.2115770e+02   1.0253301e+03   7.0094429e+02   5.2492092e+02   4.6958286e+02   3.7302489e+02   4.4626922e+02   1.0678498e+03   6.3172076e+02   5.9823563e+02   1.6712218e+03   1.3547567e+03   1.3862477e+03
   6.3302128e+02   7.4670579e+02   3.1060000e+03   1.2989050e+03   1.0752550e+03   3.6710000e+03   1.0767208e+08   7.4709886e+08   4.0630786e+00   6.1651782e-01   1.0226938e-01   6.6024732e-01   1.5631868e+00   3.8475002e-01   2.8832097e-01   8.2752976e-01   3.9456649e+02   2.3546589e+02   3.0221673e+02   3.6067637e+02   4.3316342e+02   4.7742666e+02   3.7798188e+02   3.1572194e+02   3.4102237e+02   6.5919457e+02   5.8506561e+02   5.9522600e+02   1.4069229e+03   1.2629638e+03   1.3649957e+03
   0.0000000e+00   0.0000000e+00   0.0000000e+00   1.0135185e+02   7.4129251e+02   5.4730000e+03   0.0000000e+00   3.5944475e+08   1.9426013e+00   1.0471728e-01   9.1803260e-01   9.6531069e-01   0.0000000e+00             NaN   1.0000000e+00   1.0000000e+00   8.5271629e+01   1.1087569e+02   5.5732490e+01   2.9791331e+02   4.1847519e+02   5.9354348e+01   4.9884414e+02   3.5477644e+02   3.0361347e+02   3.6195688e+02   4.4146074e+02   3.8766114e+02   3.5617402e+02   5.6100044e+02   3.1861508e+02
   5.8657143e+02   1.5519221e+03   4.1060000e+03   1.6275812e+03   2.2621025e+03   5.5160000e+03   1.0755781e+07   1.4706700e+09   7.3390168e+00   6.0413946e-01   2.6398901e-01   7.3218493e-01   0.0000000e+00             NaN   2.5000000e-01   2.5000000e-01   1.3713889e+02   9.2593992e+01   2.5009800e+02   3.1148930e+01   3.8922235e+02   7.3066566e+01   6.5493395e+02   6.3684463e+02   8.3530820e+02   8.8577360e+02   8.1270734e+02   1.3180634e+03   2.2295390e+03   1.4175763e+03   3.3996667e+03
   2.8545000e+03   3.0665405e+03   5.9400000e+03   1.9311750e+03   2.1923474e+03   5.9400000e+03   2.5030712e+08   8.9515314e+08   3.9697707e+00   7.3434008e-01   1.6343477e-01   7.1303929e-01   7.0833333e+00             NaN   3.0555556e-01   3.5565476e-01   1.1985127e+03   5.8980031e+02   4.9822364e+02   5.3377000e+02   2.5418039e+03   1.3971203e+03   5.2060820e+02   4.7079800e+02   4.9218912e+02   1.1412685e+03   1.1627175e+03   1.4027579e+03   8.4107098e+02   1.9956684e+03   3.2718214e+03
   4.7143333e+03   4.0453268e+03   9.0970000e+03   4.0158900e+03   2.9219364e+03   9.0970000e+03   3.1825253e+08   2.5977119e+09   4.1472831e+00   6.2963155e-01   7.4094172e-02   6.4104390e-01   6.2500000e+00             NaN   7.1875000e-01   7.9166667e-01   1.5164728e+03   9.2670411e+02   5.3925340e+02   2.2855592e+03   1.5540941e+03   1.4863007e+03   1.3078072e+03   6.8374255e+02   7.8187993e+02   3.0366045e+03   1.2652018e+03   7.6431513e+02   4.7423397e+03   4.6209622e+03   2.7277231e+03
   4.4790909e+03   4.2723657e+02   5.3730000e+03   3.7954167e+03   1.5553301e+03   7.2450000e+03   3.5528846e+07   1.1831397e+09   2.8200681e+00   5.2770652e-01   4.3830790e-02   5.7551319e-01   5.0833333e+00             NaN   2.7430556e-01   3.5833333e-01   4.6889857e+02   6.8164281e+02   4.4121003e+02   2.7590047e+03   1.0231063e+03   1.3101030e+03   7.4591485e+02   5.9921916e+02   7.0515636e+02   1.4800589e+03   1.3441982e+03   1.4611702e+03   2.3802358e+03   3.0056308e+03   2.2849613e+03
   2.2787143e+03   1.8265764e+03   5.8590000e+03   2.5472477e+03   1.5549041e+03   5.8590000e+03   4.7206271e+07   6.3331838e+08   3.4390767e+00   5.2945298e-01   4.1018484e-02   5.6751069e-01   0.0000000e+00             NaN   2.5000000e-01   2.5000000e-01   3.7695476e+02   3.2455823e+02   5.6322561e+02   8.5027341e+02   3.6316017e+02   1.0101939e+03   4.2667411e+02   3.8035051e+02   4.5459780e+02   1.4576870e+03   1.2991682e+03   1.3207196e+03   1.5590742e+03   1.9282395e+03   2.0138686e+03
   2.7500000e+03   0.0000000e+00   2.7500000e+03   4.4368947e+03   1.1807820e+03   6.8240000e+03   5.5759300e+05   3.5745388e+07   3.1279762e+00   6.5839325e-01   7.3855584e-02   5.1483135e-01   0.0000000e+00             NaN   1.0000000e+00   1.0000000e+00   4.2575179e+02   3.0323605e+02   1.7108115e+01             NaN             NaN             NaN   2.1658936e+02   2.1448595e+02   3.6410281e+02   7.7758251e+02   7.4137555e+02   9.9166033e+02   5.3418348e+02   2.3062532e+03   3.8197283e+03
   2.7196970e+02   4.6717030e+02   1.7240000e+03   1.1512366e+03   1.0552256e+03   4.5380000e+03   5.2080517e+07   3.4034895e+08   2.4967166e+00   6.5760159e-01   8.8082341e-02   6.6209690e-01   5.2240769e+00   9.4146992e-02   4.2848625e-01   7.5599422e-01   2.9873175e+02   2.0408402e+02   1.8848575e+02   7.8618370e+02   5.3941197e+02   9.4675386e+02   3.1070962e+02   2.7414016e+02   3.6472362e+02   6.9859745e+02   5.4199560e+02   6.3480903e+02   1.3145315e+03   9.1595594e+02   7.0293583e+02
   9.7240909e+02   6.9303519e+02   2.1120000e+03   1.6142333e+03   1.1319519e+03   5.1570000e+03   2.6034683e+07   5.6903032e+08   2.3048344e+00   6.5012622e-01   5.1512721e-02   6.1386612e-01   3.6888889e+00   4.9305870e-01   1.6537037e-01   4.8194444e-01   1.7041564e+02   2.1749389e+02   2.2478728e+02   7.5078922e+02   5.6977006e+02   3.0650302e+02   3.9754840e+02   2.8026683e+02   3.0857996e+02   8.2297304e+02   5.8517183e+02   5.9402355e+02   1.7791969e+03   7.7234254e+02   1.1361690e+03
   1.0001719e+03   6.1792290e+02   2.4190000e+03   1.1831813e+03   1.0390015e+03   4.7350000e+03   8.4681808e+07   7.5521804e+08   3.4339486e+00   4.4376343e-01   6.3444823e-02   6.0796716e-01   5.3542412e+00   1.6088559e-01   3.5542982e-02   4.3541075e-01   3.1073527e+02   2.3247536e+02   1.8715710e+02   5.5209356e+02   5.2397683e+02   3.5207954e+02   4.5259769e+02   3.8481998e+02   4.1116104e+02   7.1173089e+02   4.4125810e+02   5.0572845e+02   1.0263871e+03   8.4077915e+02   1.0828319e+03
   1.2928400e+03   8.2865261e+02   2.8450000e+03   1.3941694e+03   9.0549804e+02   3.9170000e+03   5.5048195e+07   4.1312078e+08   2.7368818e+00   5.9735162e-01   3.8637011e-02   5.7602155e-01   5.2215909e+00   2.9267281e-01   1.1196281e-01   4.0606061e-01   3.2863288e+02   3.2971703e+02   3.6824031e+02   6.7833883e+02   5.1261232e+02   4.6803541e+02   3.4676479e+02   2.5836284e+02   3.5960091e+02   7.6889139e+02   5.3089409e+02   6.6430670e+02   1.1705015e+03   1.1783939e+03   8.1246514e+02
   1.4678182e+03   1.0320205e+03   4.9950000e+03   1.1870756e+03   1.0018946e+03   4.5300000e+03   2.2989149e+08   7.1832534e+08   3.3761690e+00   5.5546220e-01   6.6991546e-02   6.1238163e-01   4.2028265e+00   2.4303924e-01   7.1898970e-02   5.6085642e-01   4.3915978e+02   4.3590338e+02   4.4797677e+02   7.5677078e+02   4.7872766e+02   4.0808000e+02   3.7353832e+02   3.5082178e+02   4.1979316e+02   7.2239836e+02   5.9128013e+02   7.0118595e+02   1.3419615e+03   1.0209009e+03   1.1304000e+03
   9.3848276e+02   8.0306492e+02   3.0570000e+03   1.3239836e+03   7.5288017e+02   3.5220000e+03   3.0458199e+07   2.6674267e+08   2.8120874e+00   5.5294950e-01   3.3970401e-02   5.5554515e-01   1.9206349e+00   3.1323417e-01   1.6027589e-01   5.9708995e-01   2.1855343e+02   2.1891574e+02   2.2530777e+02   6.4133998e+02   5.6226628e+02   4.2847241e+02   2.9859627e+02   2.3669158e+02   2.3894630e+02   5.1396364e+02   4.7730940e+02   6.0000775e+02   1.0652460e+03   1.1400489e+03   1.0014145e+03
   9.3757895e+02   4.6227305e+02   1.7280000e+03   1.2844000e+03   9.6370608e+02   4.8130000e+03   1.9468675e+07   6.0885991e+08   3.3659456e+00   4.6279644e-01   5.7586941e-02   6.1546324e-01   1.0170833e+01   9.0016961e-02   1.6868056e-01   4.3391865e-01   2.1461402e+02   1.8793725e+02   2.7125739e+02   5.8232062e+01   1.2696956e+02   8.0332655e+02   3.9327025e+02   3.2371619e+02   4.3026696e+02   4.1320408e+02   3.7458986e+02   6.7148797e+02   1.1102936e+03   5.7187613e+02   1.0828042e+03
   0.0000000e+00   0.0000000e+00   0.0000000e+00   1.5577778e+02   2.7870215e+02   7.9000000e+02   0.0000000e+00   2.4791886e+07   1.3019210e+01   2.1903607e-02   3.9768965e-01   6.9076028e-01   0.0000000e+00             NaN   0.0000000e+00   0.0000000e+00             NaN             NaN             NaN             NaN             NaN             NaN   2.2431634e+02   2.7351482e+02   2.1388492e+02   2.8775938e+02   5.5291517e+02   2.6039515e+02   9.5811652e+02   1.0345301e+03   8.8157199e+02
   0.0000000e+00   0.0000000e+00   0.0000000e+00   1.9150746e+02   5.9745819e+02   4.0560000e+03   0.0000000e+00   9.1628136e+07   1.0935388e+00   3.2721974e-01   6.7101152e-01   8.8588554e-01   0.0000000e+00             NaN   1.0000000e+00   1.0000000e+00   1.5262594e+02   1.1431325e+02   7.3268867e+01   1.0349332e+03   8.4608471e+02   1.2248742e+02   3.0711108e+02   2.5893271e+02   2.5369162e+02   7.6478561e+02   3.5174206e+02   4.2442686e+02   2.1115622e+03   5.9259225e+02   6.7857587e+02
   1.9275294e+03   1.4132189e+03   4.7580000e+03   2.5276471e+03   1.9956865e+03   8.0630000e+03   1.5056626e+08   1.3426715e+09   3.8139143e+00   5.4114192e-01   5.0350196e-02   5.6375377e-01   2.9738095e+00   5.2581775e-01   1.7551020e-01   4.9464286e-01   5.0683915e+02   5.9523028e+02   8.0171707e+02   2.5129594e+02   9.6566316e+02   7.6802191e+02   9.0046150e+02   6.8092886e+02   6.5786641e+02   1.4787602e+03   1.0355639e+03   1.2242653e+03   2.2354454e+03   7.8149272e+02   2.9547320e+03
   1.7710000e+03   9.6905275e+02   4.5900000e+03   3.7618706e+03   1.4331109e+03   6.5730000e+03   1.6905854e+08   5.8654072e+08   3.6281305e+00   4.5183824e-01   3.6324281e-02   5.4679837e-01   1.9626623e+00   4.6748611e-01   8.9640151e-02   5.6774779e-01   4.6125316e+02   4.2625054e+02   4.4317494e+02   6.7522896e+02   3.6398464e+02   1.2702246e+03   5.9532995e+02   3.8877859e+02   4.4839315e+02   9.6050226e+02   7.1340450e+02   1.3334642e+03   1.6276314e+03   1.6020718e+03   4.4494221e+03
   3.0141429e+03   1.6568255e+03   4.9630000e+03   4.2558776e+03   1.4780606e+03   7.3290000e+03   8.5123945e+07   3.4715458e+08   2.3417799e+00   5.1501234e-01   6.1434264e-02   5.6969354e-01   3.0000000e+00             NaN   4.6875000e-01   4.8333333e-01   9.9715734e+02   3.7598024e+02   4.5380459e+02   1.2433871e+03   1.6095069e+03   9.0095424e+02   7.4131946e+02   4.9157379e+02   5.5939023e+02   7.9257501e+02   1.0879003e+03   1.5549161e+03   2.6009661e+03   2.0563525e+03   3.6418457e+03
   1.5582456e+03   8.4659970e+02   4.4230000e+03   1.2900197e+03   8.0439811e+02   3.7120000e+03   1.5015931e+08   5.8695002e+08   2.7278189e+00   5.9394845e-01   3.6362995e-02   5.7438542e-01   3.3087011e+00   2.7042329e-01   5.3896715e-02   5.1939695e-01   3.7859753e+02   2.8347249e+02   4.0402641e+02   4.9453374e+02   4.5503756e+02   6.5207943e+02   3.4828302e+02   2.4931025e+02   2.8109007e+02   5.3649246e+02   4.0112758e+02   4.6757973e+02   9.5838357e+02   7.3172932e+02   8.2802070e+02
   1.5334600e+03   7.5348660e+02   3.2800000e+03   1.3063413e+03   5.1051346e+02   2.6230000e+03   9.2140223e+07   1.9598641e+08   3.7488521e+00   2.9503211e-01   3.5238551e-02   5.1426936e-01   3.1468326e+00   5.0531315e-01   5.0614216e-02   5.2767734e-01   3.1844683e+02   3.0326776e+02   2.5551564e+02   8.6005330e+02   3.6843884e+02   4.0471178e+02   2.8067931e+02   2.3132831e+02   2.4571961e+02   4.0531927e+02   3.8171213e+02   3.0144984e+02   1.0738710e+03   7.6732735e+02   5.7630187e+02
   1.0306667e+03   3.1951891e+02   1.3170000e+03   1.3037742e+03   3.2726001e+02   1.9040000e+03   1.5001070e+06   1.8227814e+07   5.1682197e+00   1.3754189e-01   4.9056827e-02   4.6176949e-01   1.0000000e+00             NaN   1.2500000e-01   8.3333333e-02   1.3348191e+02   1.8828408e+02   1.9571872e+02             NaN             NaN             NaN   1.3937395e+02   1.4443160e+02   1.6615408e+02   3.3014645e+02   7.6749174e+01   2.2503339e+02   9.1777519e+02   1.1301656e+02   1.2676876e+03
   8.8803125e+02   1.4039505e+03   4.9040000e+03   5.3444094e+02   1.1252246e+03   5.4000000e+03   1.6113508e+08   7.1938030e+08   3.2048361e+00   3.4592940e-01   4.6286988e-01   7.8906419e-01   4.9380342e+00   5.5100496e-01   2.0196092e-01   6.4030671e-01   4.0194336e+02   4.2640161e+02   5.5907503e+02   7.8055763e+02   7.2823000e+02   1.2775395e+03   3.6325755e+02   4.0340988e+02   5.7241016e+02   6.2899457e+02   5.1688199e+02   6.4072022e+02   5.7202405e+02   7.3606743e+02   1.0610295e+03
   1.1111515e+03   1.1998617e+03   4.1010000e+03   8.5580122e+02   9.7686667e+02   5.1780000e+03   1.3891519e+08   1.1807446e+09   2.7490855e+00   4.4875830e-01   1.4249822e-01   6.8636112e-01   7.6293651e+00   3.4552059e-01   1.9244205e-01   5.8359788e-01   3.0138694e+02   3.8695613e+02   6.1143877e+02   8.1860541e+02   6.1116547e+02   6.9543930e+02   3.7026142e+02   3.7234439e+02   4.3163014e+02   6.6684196e+02   4.7961079e+02   4.9117820e+02   8.5927820e+02   6.3282989e+02   1.2267537e+03
   1.8345000e+03   2.0043355e+03   6.0510000e+03   1.1046566e+03   9.7263154e+02   5.4450000e+03   1.4335712e+08   9.7390348e+08   2.1161166e+00   6.1866632e-01   8.4614368e-02   6.6298763e-01   1.5071429e+00   2.2237598e-01   3.2336735e-01   6.4642857e-01   9.8706913e+02   4.1621034e+02   3.9306759e+02   5.9983054e+02   3.1527345e+02   4.3967198e+02   3.5285431e+02   2.6924186e+02   2.9540255e+02   8.0697182e+02   5.3812382e+02   6.5830078e+02   1.7143248e+03   8.3282391e+02   7.4360961e+02
   1.6996393e+03   8.4280124e+02   4.5890000e+03   1.0416675e+03   6.5953755e+02   3.3930000e+03   1.5383934e+08   4.6055030e+08   3.1435114e+00   5.2285693e-01   3.7137954e-02   5.5989947e-01   2.8450733e+00   3.6444870e-01   5.6656706e-02   5.6284768e-01   4.6126213e+02   2.7964588e+02   3.2405319e+02   8.3372734e+02   4.6301976e+02   6.1241450e+02   2.7411183e+02   2.0232061e+02   2.4471646e+02   4.7609455e+02   3.7916327e+02   4.9340342e+02   1.2375115e+03   5.3364951e+02   4.0089334e+02
   1.0022143e+03   9.1874607e+02   3.5270000e+03   8.0967832e+02   9.7971985e+02   4.6620000e+03   4.4708323e+07   5.7071499e+08   3.7597197e+00   4.0963628e-01   1.9651399e-01   6.9200954e-01   4.8333333e+00             NaN   1.4930556e-01   2.6805556e-01   3.8876681e+02   3.6147211e+02   3.5273522e+02   6.0936571e+02   2.7680027e+02   4.6771557e+02   3.7300965e+02   3.6849250e+02   4.1957844e+02   7.0226194e+02   5.6573332e+02   4.4032593e+02   7.6975125e+02   6.7530747e+02   7.5581126e+02
   7.7421053e+02   7.7681004e+02   2.6720000e+03   8.2892903e+02   8.8970414e+02   4.8240000e+03   5.5329444e+07   3.9018844e+08   2.2272498e+00   4.7795157e-01   1.1921857e-01   6.6130940e-01   1.7619048e+00             NaN   5.3571429e-01   6.9444444e-01   3.1247154e+02   2.5446074e+02   4.2040876e+02   7.1332884e+02   3.0147318e+02   2.0114901e+02   3.7015455e+02   2.8602002e+02   3.0523496e+02   6.9051270e+02   5.3942574e+02   4.6920668e+02   1.0354789e+03   8.6834620e+02   8.0911059e+02
   4.8225926e+02   4.9156732e+02   1.8250000e+03   4.7756897e+02   4.8461591e+02   2.0040000e+03   2.2811740e+07   1.4743324e+08   4.0193283e+00   4.5451930e-01   7.5977762e-02   5.8398403e-01   3.8195346e+00   3.5130114e-01   9.5650528e-02   5.4611742e-01   2.1573877e+02   1.9020801e+02   1.8775048e+02   4.4028990e+02   2.7605995e+02   2.8152038e+02   2.0055158e+02   1.7513614e+02   1.9642305e+02   3.6779652e+02   2.5801237e+02   2.3078953e+02   6.5316721e+02   4.4068884e+02   4.6328432e+02
   2.5350000e+02   2.9532619e+02   9.1200000e+02   5.0343316e+02   4.7977396e+02   2.1370000e+03   9.2371540e+06   1.5267868e+08   3.9840593e+00   4.3021568e-01   8.2551648e-02   6.2299932e-01   1.8208333e+00             NaN   1.3743056e-01   3.6875000e-01   1.6829237e+02   1.2591543e+02   1.4356341e+02   3.7391158e+02   3.4431941e+01   3.3719246e+02   2.2140962e+02   1.5182732e+02   2.1428080e+02   3.7411083e+02   2.5317555e+02   2.8397174e+02   5.3277667e+02   4.6381607e+02   4.2884558e+02
   4.3575000e+02   4.8754809e+02   1.6970000e+03   7.4869325e+02   8.1998153e+02   4.6540000e+03   5.0116881e+07   2.8944909e+08   1.8479342e+00   5.6375593e-01   1.4543909e-01   6.9062195e-01   3.5958333e+00  -1.2941176e-01   3.7093750e-01   6.4255952e-01   1.8364142e+02   3.1147372e+02   2.8883425e+02   7.8063981e+02   1.0255955e+02   3.0595075e+02   3.5194537e+02   2.7120041e+02   2.4087739e+02   4.7325186e+02   3.9456106e+02   4.8171453e+02   6.9317404e+02   5.9653721e+02   7.9031772e+02
   5.7405556e+02   3.1890003e+02   1.2270000e+03   6.7725000e+02   5.7661872e+02   3.6570000e+03   1.7826657e+07   1.6087769e+08   2.1853889e+00   3.2974547e-01   9.1730870e-02   6.2296661e-01   1.8178571e+00   4.0608165e-01   2.0751276e-01   6.5000000e-01   2.0773978e+02   1.6610273e+02   1.5923144e+02   2.5382355e+02   3.7247560e+02   2.9735454e+02   3.0142203e+02   2.2970062e+02   1.9364314e+02   4.0003693e+02   3.9079726e+02   3.1320915e+02   5.0321998e+02   3.8309632e+02   5.7540825e+02
   6.9770833e+02   5.4380987e+02   1.9100000e+03   9.7458273e+02   6.0638361e+02   3.0220000e+03   1.6702218e+07   1.3326257e+08   3.2533569e+00   5.3355927e-01   3.3056107e-02   5.4267704e-01   3.8022727e+00   6.6867416e-01   1.5384909e-01   6.4017316e-01   2.2370873e+02   1.8361875e+02   2.0573139e+02   5.0245243e+02   2.7805381e+02   3.4745916e+02   2.4707753e+02   1.8300056e+02   1.9541608e+02   4.8041130e+02   2.9222562e+02   3.7601874e+02   6.1212648e+02   6.6042862e+02   7.2781185e+02
   4.2715152e+02   2.9679961e+02   1.6990000e+03   4.3178333e+02   2.8489172e+02   1.2020000e+03   7.1508340e+06   1.8182216e+07   3.5089847e+00   5.4524171e-01   4.8188789e-02   5.3306160e-01   1.2592909e+00   2.0020417e-01   1.2258413e-01   6.1805539e-01   1.2886333e+02   1.7017037e+02   9.5685383e+01   2.9699060e+02   3.1844795e+02   1.6280142e+02   1.8718694e+02   1.3309558e+02   1.0616393e+02   4.0483066e+02   3.0556786e+02   2.1028449e+02   7.2249183e+02   9.8511016e+02   7.3347811e+02
   0.0000000e+00   0.0000000e+00   0.0000000e+00   1.2320909e+03   5.0486187e+02   2.9130000e+03   0.0000000e+00   9.0108436e+07   2.6083956e+00   3.9306409e-01   5.7057755e-02   5.6767084e-01   0.0000000e+00             NaN   0.0000000e+00   0.0000000e+00             NaN             NaN             NaN             NaN             NaN             NaN   2.3019670e+02   2.1332646e+02   2.3422075e+02   5.3450857e+02   2.3264642e+02   3.0384507e+02   6.3056276e+02   3.7801260e+02   7.8731538e+02
   1.1350909e+03   6.1999991e+02   1.9910000e+03   1.2541121e+03   5.8798620e+02   3.1480000e+03   9.3991550e+06   1.4972534e+08   2.9879165e+00   4.5560501e-01   4.6428343e-02   5.6722436e-01   6.5000000e+00             NaN   5.6250000e-01   7.0312500e-01   3.3963009e+02   1.1828959e+02   1.1055202e+02   1.0473723e+03   7.9768358e+01   1.8945384e+02   2.3994889e+02   2.0507505e+02   2.2371975e+02   6.0844579e+02   3.7316044e+02   4.2105874e+02   6.3213789e+02   4.5292596e+02   6.1765821e+02
   1.0446000e+03   4.4375252e+02   1.4850000e+03   8.7056204e+02   5.6882133e+02   3.0020000e+03   3.8905070e+06   1.2795233e+08   3.4213468e+00   5.5007734e-01   4.0307131e-02   5.5525357e-01   9.0000000e+00             NaN   3.7500000e-01   2.8571429e-01   3.1106565e+02   1.1766738e+02   2.4985465e+02             NaN             NaN             NaN   2.4870423e+02   1.7250411e+02   2.2670139e+02   3.6348276e+02   3.2712657e+02   3.5809985e+02   5.8523933e+02   7.2504103e+02   5.5677088e+02
   1.1535714e+03   7.4099120e+02   2.9060000e+03   8.9273438e+02   5.8375011e+02   2.8880000e+03   1.5476385e+07   1.0614874e+08   2.3069131e+00   6.0887103e-01   5.6429844e-02   5.9931855e-01   7.9791667e+00  -2.8404160e-01   2.9947917e-01   4.2628968e-01   2.2976177e+02   1.6044042e+02   1.9037284e+02   4.5475777e+02   3.7880466e+02   3.7266602e+02   2.6577867e+02   1.4184970e+02   1.7676077e+02   4.9121682e+02   3.1794652e+02   4.3885672e+02   1.0133921e+03   5.6825165e+02   9.3115670e+02
   7.6536364e+02   3.4955608e+02   1.6260000e+03   5.8308654e+02   3.8767322e+02   1.8480000e+03   7.9719460e+06   6.6033444e+07   3.2859552e+00   3.3517868e-01   4.7329513e-02   5.6381423e-01   2.5000000e-01             NaN   1.2500000e-01   1.2500000e-01   1.8321652e+02   1.6276990e+02   2.1093819e+02   3.1412691e+02   1.7154819e+02   1.5830663e+02   1.9853243e+02   1.5556209e+02   1.9686131e+02   2.6024589e+02   2.4253926e+02   2.8522907e+02   7.4538399e+02   4.0575695e+02   4.0036771e+02
   1.0087692e+03   3.9176250e+02   1.5750000e+03   5.7750000e+02   4.6646129e+02   1.8660000e+03   1.1381884e+07   6.3340051e+07   3.2978335e+00   5.8000981e-01   6.4161789e-02   5.9501846e-01   2.0000000e+00             NaN   3.8281250e-01   5.3645833e-01   2.4183655e+02   1.9030199e+02   2.0803738e+02   3.0363803e+02   1.5102904e+02   1.2496739e+02   1.9049047e+02   1.5411631e+02   1.8933529e+02   3.1379310e+02   2.1062200e+02   1.7514446e+02   6.0777224e+02   5.4885358e+02   2.4572830e+02
   9.4931250e+02   4.5018348e+02   2.0290000e+03   6.4445833e+02   4.7116559e+02   2.1310000e+03   1.2315421e+07   7.6158524e+07   2.8639749e+00   4.9259770e-01   5.2197454e-02   5.8599681e-01   4.4000000e+00   4.3520596e-01   2.5506944e-01   6.0097222e-01   2.3014685e+02   1.2889071e+02   1.8505752e+02   3.3551668e+02   2.4289199e+02   3.7642304e+02   1.8888621e+02   1.7887987e+02   1.8961872e+02   2.7925582e+02   2.3674809e+02   1.7200396e+02   8.8340199e+02   7.4221747e+02   2.9854515e+02
   4.0915789e+02   5.9133965e+02   1.7280000e+03   7.4500913e+02   7.9539909e+02   3.3290000e+03   3.2107407e+07   3.3770341e+08   3.4918826e+00   5.9538795e-01   1.2708994e-01   6.5646218e-01   1.1312500e+01             NaN   4.7656250e-01   6.6927083e-01   3.0134254e+02   2.1311412e+02   2.9106999e+02   5.0098844e+02   4.2292310e+02   1.7883238e+02   2.6425575e+02   2.3034021e+02   2.7826906e+02   4.7464646e+02   2.9076294e+02   4.8516813e+02   5.3855309e+02   7.3738906e+02   1.1485589e+03
   3.4892593e+02   5.3868722e+02   1.9720000e+03   7.6911947e+02   8.1433517e+02   3.6160000e+03   2.8749297e+07   3.7830712e+08   2.0111476e+00   6.5426262e-01   1.0946665e-01   7.0874390e-01   3.1870942e+00   4.5302245e-01   4.2731535e-01   7.5961851e-01   1.9976715e+02   1.4525856e+02   2.3071505e+02   3.4083049e+02   3.5833876e+02   3.4702929e+02   2.0849801e+02   2.3558877e+02   2.7193868e+02   3.9987224e+02   3.9114369e+02   6.2047511e+02   7.8548876e+02   7.7256608e+02   1.1615754e+03
   9.4800000e+02   4.9237934e+02   1.8830000e+03   1.0647000e+03   8.8268339e+02   4.0460000e+03   2.3176145e+07   2.5080182e+08   1.7947970e+00   7.3175476e-01   7.2411740e-02   6.8261052e-01   2.2916667e+00             NaN   4.4368056e-01   7.5520833e-01   1.2521917e+02   2.1431746e+02   3.7663199e+02   6.5726045e+02   3.0893133e+02   3.1072489e+02   1.9809709e+02   2.1075570e+02   2.8144564e+02   4.6157651e+02   5.0881767e+02   6.4405038e+02   1.2607837e+03   7.9234775e+02   1.3471410e+03
   8.6385714e+02   3.9621204e+02   1.4730000e+03   1.1209750e+03   8.2071646e+02   4.3580000e+03   4.9568270e+06   2.4636759e+08   1.8085008e+00   7.0129842e-01   9.4280933e-02   6.7930542e-01   3.0416667e+00  -4.2766431e-01   3.3680556e-01   5.2777778e-01   1.2530427e+02   1.1973776e+02   1.3686105e+02   3.6324286e+02   4.8541928e+02   3.3806141e+02   2.1903383e+02   2.2409991e+02   2.6791568e+02   5.2449858e+02   3.8412373e+02   5.7585536e+02   9.7852652e+02   8.1137586e+02   7.1812942e+02
   1.1640000e+03   6.4824205e+02   2.3170000e+03   1.4089427e+03   7.3654199e+02   4.2180000e+03   2.8743340e+06   1.7669207e+08   1.3849079e+00   7.0727928e-01   6.6219299e-02   6.5861181e-01   0.0000000e+00             NaN   5.0000000e-01   5.0000000e-01   1.0592278e+02   9.0721979e+01   1.1629494e+02   2.0953545e+02   2.7903278e+02   1.3549287e+02   1.6490773e+02   1.5648064e+02   2.3519191e+02   4.1358760e+02   4.0204501e+02   7.5206324e+02   1.1424351e+03   1.2668341e+03   1.3965198e+03
   1.3035750e+03   6.8513240e+02   3.1790000e+03   1.4134925e+03   6.2430041e+02   2.9690000e+03   1.7702109e+07   7.3190567e+07   1.7839189e+00   7.4846372e-01   4.0256263e-02   6.0796752e-01   8.5247008e-01   7.2713708e-01   1.3850404e-01   7.0918163e-01   1.3493891e+02   1.3261525e+02   1.4039097e+02   2.2907157e+02   3.9882647e+02   3.2014370e+02   1.3845449e+02   1.3523945e+02   1.7593919e+02   2.4950145e+02   2.2445763e+02   3.3361854e+02   6.2887015e+02   1.0682272e+03   1.3298608e+03
   1.9764286e+03   1.0728333e+03   3.2480000e+03   1.1295088e+03   6.3047831e+02   2.6990000e+03   3.5874640e+06   3.1982204e+07   1.8599952e+00   7.0453594e-01   7.1589675e-02   6.0921910e-01   1.0000000e+00             NaN   3.1250000e-01   3.3333333e-01   8.9567516e+01   1.6825708e+02   2.2141658e+02   1.9155512e+02   1.8279177e+02   1.1448793e+02   1.2460004e+02   1.4718692e+02   1.6988193e+02   2.9117862e+02   2.7924203e+02   3.4035622e+02   9.4033316e+02   1.4395171e+03   1.1729900e+03
   0.0000000e+00   0.0000000e+00   0.0000000e+00   6.5227273e+00   4.3266878e+01   2.8700000e+02   0.0000000e+00   2.2578050e+06   2.8720219e+00  -3.0194805e-02   8.8794788e-01   9.4871389e-01   0.0000000e+00             NaN   1.0000000e+00   1.0000000e+00   1.2825912e+01   3.0468364e+01   3.1378422e+01             NaN             NaN             NaN   1.3398036e+02   2.6789048e+02   1.6830489e+02   1.9665377e+02   2.3718952e+02   5.2758084e+02   7.3476403e+02   3.4658052e+02   1.0899127e+03
   4.1875000e+01   1.1844039e+02   3.3500000e+02   3.8862745e+02   7.5007317e+02   3.5540000e+03   1.1153950e+06   1.0599450e+08   1.5121446e+00   6.5752396e-01   4.7149231e-01   8.2671551e-01   0.0000000e+00             NaN   7.5000000e-01   7.5000000e-01   1.1934646e+02   6.4142301e+01   7.6770174e+01   4.7763671e+02   2.0482360e+02   1.3023016e+02   2.1116199e+02   2.1720720e+02   2.3631246e+02   4.7011634e+02   3.8773125e+02   6.7588284e+02   5.8559436e+02   5.3475276e+02   9.0285622e+02
   1.4023529e+02   3.2307962e+02   1.2050000e+03   2.0886719e+02   4.4360973e+02   2.6840000e+03   4.3763000e+06   5.0662911e+07   8.7059518e-01   6.5580091e-01   5.5528868e-01   8.7604810e-01   2.3958333e-01  -1.3809524e-01   6.1523438e-01   8.8020833e-01   1.0979585e+02   1.3904131e+02   1.1805722e+02   1.1932183e+02   5.2263236e+01   4.1215115e+01   8.9540496e+01   1.0343464e+02   1.9060851e+02   1.6786447e+02   1.6043036e+02   3.6494484e+02   3.3710529e+02   2.6942672e+02   4.8355161e+02
   6.8268421e+02   6.2270593e+02   2.2510000e+03   3.7268421e+02   5.1463133e+02   3.0090000e+03   2.3915961e+07   3.7736627e+08   2.7798383e+00   3.1660817e-01   2.7400001e-01   7.4339831e-01   5.0416667e+00             NaN   4.0277778e-01   5.5902778e-01   2.3516439e+02   1.2119689e+02   2.4182713e+02   6.4083143e+02   2.0134583e+02   2.2709019e+02   2.3928991e+02   2.3657609e+02   2.6805356e+02   2.9339889e+02   2.1968981e+02   3.7756237e+02   5.4951019e+02   4.2946910e+02   3.4172412e+02
   1.6965217e+02   2.1055459e+02   6.1200000e+02   3.0858436e+02   3.7742402e+02   2.7600000e+03   1.7538169e+07   1.4478614e+08   3.3820717e+00   5.3145579e-01   1.4471254e-01   6.5541256e-01   1.3512121e+01   2.1203163e-02   2.4422176e-01   5.7024982e-01   1.3686340e+02   2.6630574e+02   1.8533801e+02   4.2316952e+02   1.6757203e+02   1.5965592e+02   1.5408805e+02   1.4930183e+02   1.8063521e+02   2.7440164e+02   2.0744612e+02   2.7796698e+02   4.2291242e+02   4.3317127e+02   5.2058436e+02
   7.4000000e+02   1.2463464e+03   4.6300000e+03   3.8458776e+02   4.1717357e+02   1.9810000e+03   6.7571348e+07   1.8006594e+08   2.9645463e+00   5.8500698e-01   1.4351239e-01   6.6996570e-01   1.0625000e+00             NaN   7.9687500e-01   9.1875000e-01   4.4465469e+02   1.9968722e+02   3.2510991e+02   9.6338772e+01   1.8055234e+02   1.2757895e+02   1.9647900e+02   1.7702764e+02   2.1612717e+02   4.1184094e+02   3.3493983e+02   2.9155439e+02   5.8716897e+02   5.6966799e+02   6.5128592e+02
   8.0400000e+02   6.5266745e+02   2.0150000e+03   5.6537895e+02   5.9540171e+02   3.4110000e+03   2.3676537e+07   1.9936888e+08   2.7746068e+00   5.6220352e-01   1.6291914e-01   6.8981023e-01   3.0375000e+00             NaN   1.7281250e-01   4.5267857e-01   3.6522981e+02   1.3379804e+02   2.9022287e+02   2.2558053e+02   1.6572384e+02   7.7342083e+02   2.2623111e+02   2.0286245e+02   2.4396776e+02   3.2154591e+02   2.6846506e+02   4.9342538e+02   9.8101212e+02   5.9775109e+02   4.2027942e+02
   2.2534444e+03   9.3762499e+02   4.1900000e+03   1.1618916e+03   9.5722350e+02   3.8700000e+03   7.4403457e+07   1.9557938e+08   3.1354250e+00   5.6820258e-01   8.8315140e-02   6.3529181e-01   4.3333333e+00             NaN   3.6666667e-01   5.9136905e-01   5.2417660e+02   4.6410273e+02   4.9140073e+02   1.3032050e+03   8.2343862e+02   7.9585519e+02   3.3288501e+02   2.8246352e+02   3.3651314e+02   7.7332781e+02   6.6096119e+02   5.2706086e+02   1.7465798e+03   1.6817512e+03   8.4160017e+02
   1.2588889e+03   4.7961741e+02   2.0290000e+03   1.0306505e+03   7.6765740e+02   3.3650000e+03   1.8467351e+07   1.9510551e+08   2.9730119e+00   5.4108706e-01   5.7655002e-02   6.0397610e-01   1.2500000e+00             NaN   6.2500000e-02   9.3750000e-02   2.3004333e+02   2.1303231e+02   2.8439002e+02   1.0172197e+03   2.4019053e+02   2.1714857e+02   3.2202354e+02   2.2252736e+02   3.0100804e+02   6.0666815e+02   5.7784842e+02   4.1965998e+02   8.2885231e+02   1.2191833e+03   9.1073307e+02
   1.7820000e+03   1.3898689e+03   3.8460000e+03   1.2840250e+03   1.0303884e+03   4.2270000e+03   4.4564708e+07   3.3445217e+08   5.2584816e+00   3.4765840e-01   6.5124760e-02   5.6696509e-01   1.0000000e+00             NaN   1.2500000e-01   8.3333333e-02   4.7487911e+02   4.3019915e+02   3.2525478e+02   1.3036806e+03   2.1034076e+02   2.5003827e+02   5.5423475e+02   3.1040203e+02   4.0172857e+02   7.2379190e+02   8.5118156e+02   5.9591072e+02   1.4706013e+03   2.1065532e+03   9.3572296e+02
   1.1857857e+03   8.1754616e+02   2.9570000e+03   1.8356058e+03   1.4625855e+03   6.2040000e+03   1.2913364e+07   5.5566662e+08   3.9100048e+00   5.3261039e-01   5.4430650e-02   5.9837557e-01   1.5666667e+00             NaN   2.4333333e-01   3.6666667e-01   3.0142610e+02   1.6086991e+02   2.1823873e+02   1.1516005e+02   5.6515829e+02   2.8260109e+02   4.0970968e+02   3.3159990e+02   5.7419195e+02   6.5884991e+02   6.9151201e+02   1.0091122e+03   1.7539298e+03   1.8131320e+03   1.4752576e+03
   1.6020476e+03   1.2747041e+03   5.0130000e+03   1.6030431e+03   1.4394981e+03   5.3570000e+03   6.6985544e+07   5.6906875e+08   3.8873932e+00   6.1000681e-01   5.7481212e-02   5.6766463e-01   6.8125000e+00             NaN   5.5468750e-01   6.7410714e-01   4.1836801e+02   3.4699771e+02   3.2116821e+02   7.0693822e+02   5.0706525e+02   3.1149528e+02   5.0717400e+02   4.6530693e+02   4.8473725e+02   7.5863596e+02   6.7659958e+02   8.4351152e+02   1.7125859e+03   1.3362690e+03   1.2793929e+03
   2.3969412e+03   1.2574535e+03   4.5440000e+03   1.0612785e+03   1.0205158e+03   3.8720000e+03   8.3695309e+07   3.0873001e+08   4.1679403e+00   4.8242008e-01   7.4183311e-02   5.8535936e-01   2.8660714e+00   2.5645263e-01   1.3748937e-01   4.7331349e-01   6.7584890e+02   3.7274061e+02   4.1543551e+02   1.3446005e+03   5.7002366e+02   7.4721057e+02   4.3584332e+02   3.9108033e+02   3.7839799e+02   6.9263791e+02   4.7155635e+02   6.4399305e+02   1.4494241e+03   9.5829121e+02   6.5820625e+02
   1.7417273e+03   9.0962048e+02   3.3570000e+03   1.0208772e+03   8.0872704e+02   3.1790000e+03   3.6086915e+07   1.2435918e+08   3.1415079e+00   5.9646721e-01   9.4430663e-02   6.1999811e-01   2.6666667e+00             NaN   3.0555556e-01   4.6527778e-01   4.5956436e+02   1.7288979e+02   3.7555887e+02   5.6952803e+01   8.3716763e+00   1.1527004e+02   3.7773227e+02   2.8134788e+02   3.2667781e+02   4.7701058e+02   4.9458992e+02   2.6397433e+02   1.0476172e+03   7.9504643e+02   8.4745805e+02
   1.5878000e+03   6.8398892e+02   2.6140000e+03   1.1075714e+03   5.8459994e+02   2.1750000e+03   2.9656507e+07   9.4506349e+07   3.4748211e+00   5.3764962e-01   5.9126472e-02   4.8778848e-01   5.0000000e+00             NaN   5.0000000e-01   3.8333333e-01   2.7263042e+02   2.5402768e+02   4.7401323e+02   4.2056787e+02   1.1954712e+02   2.0804465e+02   2.7988045e+02   2.2256341e+02   2.6476826e+02   3.2802832e+02   3.2298382e+02   3.3282686e+02   6.0468131e+02   1.1860537e+03   8.8249097e+02
   1.5002453e+03   9.5185701e+02   3.8270000e+03   1.1812383e+03   7.3872510e+02   4.0520000e+03   1.4052943e+08   2.6186317e+08   1.7074660e+00   6.3299920e-01   7.1332292e-02   6.8931427e-01   4.8938103e+00   5.3052795e-01   4.3299171e-02   5.1935367e-01   3.2503410e+02   3.2513930e+02   3.9647033e+02   5.3072331e+02   5.7391695e+02   6.3752125e+02   2.9669810e+02   1.9877752e+02   2.3844183e+02   5.4237917e+02   4.0814663e+02   4.5516623e+02   9.0400763e+02   6.5484216e+02   8.1157224e+02
   1.3603548e+03   9.6235591e+02   3.9850000e+03   1.4926353e+03   1.0962118e+03   5.3310000e+03   1.7824266e+08   7.0946447e+08   2.3993286e+00   5.9610156e-01   6.4575726e-02   6.5366954e-01   4.4901148e+00   4.3300327e-01   7.1547293e-02   5.6175125e-01   5.1846060e+02   3.4838774e+02   3.0685841e+02   7.8859401e+02   4.4212243e+02   3.6931856e+02   4.7812710e+02   3.2014869e+02   3.1220033e+02   7.6206370e+02   4.6548914e+02   5.6772286e+02   1.1938121e+03   8.1573679e+02   1.0959130e+03
   1.4888594e+03   8.2672676e+02   3.7420000e+03   1.4326796e+03   1.1836158e+03   4.9100000e+03   1.6644863e+08   7.1515061e+08   3.0245150e+00   5.7524032e-01   7.1792574e-02   6.2315711e-01   3.5066288e+00   3.1547269e-01   5.4618662e-02   5.5087538e-01   4.1963549e+02   3.5710610e+02   3.2610017e+02   4.9849234e+02   5.8098773e+02   4.1726650e+02   4.4763504e+02   3.3326382e+02   3.3418666e+02   8.0780967e+02   6.9683007e+02   8.7452710e+02   1.2416510e+03   1.0000338e+03   1.1631380e+03
   1.2946503e+03   1.0045482e+03   4.7740000e+03   9.2842800e+02   8.5448444e+02   4.1640000e+03   6.3009800e+08   5.2769425e+08   2.5880583e+00   4.3959649e-01   9.3947691e-02   6.6303856e-01   4.7845054e+00   3.6147000e-01   3.9832950e-02   5.4218995e-01   5.1121834e+02   3.8530284e+02   3.9729076e+02   6.4358300e+02   5.2069719e+02   5.6993783e+02   3.4356620e+02   3.0892328e+02   3.0476139e+02   4.7268428e+02   5.4944145e+02   5.3036457e+02   8.1537561e+02   7.6795988e+02   1.1495798e+03
   1.3430649e+03   8.5591741e+02   3.8800000e+03   1.1784317e+03   9.1233748e+02   4.6430000e+03   2.4815795e+08   4.1574723e+08   2.1322180e+00   5.3743871e-01   7.8336972e-02   6.6866574e-01   4.6545504e+00   1.8911540e-01   4.4221388e-02   5.1172958e-01   4.8090875e+02   3.0286783e+02   3.3770154e+02   4.8063482e+02   3.2933781e+02   3.5105484e+02   3.1912091e+02   2.9212439e+02   3.5862200e+02   5.5130110e+02   5.3964686e+02   7.2138998e+02   6.3792480e+02   1.1826277e+03   1.3012631e+03
   1.0556800e+03   5.2215018e+02   3.0800000e+03   9.8659286e+02   7.1215373e+02   3.6750000e+03   6.0618885e+07   3.7220175e+08   5.1922170e+00   8.3532038e-02   5.1580470e-02   5.6493551e-01   7.7884615e-01             NaN   3.5687870e-01   5.2724359e-01   4.4907714e+02   3.3734819e+02   2.2352669e+02   2.7834276e+02   4.9669669e+02   4.0058809e+02   4.0051264e+02   2.8639001e+02   4.0585401e+02   2.7525801e+02   4.3372441e+02   5.2705559e+02   7.9720141e+02   8.0141337e+02   7.5124116e+02
   1.1352000e+03   3.9232077e+02   2.0200000e+03   1.0743476e+03   5.7446310e+02   4.1590000e+03   2.7710402e+07   2.6112268e+08   3.0693882e+00   2.7142637e-01   5.0998224e-02   5.6188190e-01   3.0865385e+00             NaN   2.0229290e-01   3.5290751e-01   2.6238910e+02   2.3164837e+02   2.1794545e+02   3.8745600e+02   4.2086717e+02   3.9646180e+02   3.2221033e+02   2.4951295e+02   2.8807872e+02   3.7624065e+02   3.9788885e+02   5.7871451e+02   5.1948478e+02   7.0811880e+02   7.3202918e+02
   1.5737059e+03   7.4189485e+02   3.2680000e+03   1.2451204e+03   7.6001542e+02   5.4300000e+03   3.1273926e+07   3.6663697e+08   2.7514749e+00   4.8753981e-01   4.1375370e-02   5.7296422e-01   4.5000000e+00             NaN   1.7382812e-01   2.0885417e-01   3.9312869e+02   2.4655074e+02   3.1678094e+02   4.9137241e+02   4.0802723e+02   5.8097243e+02   3.8322140e+02   2.6518937e+02   3.0770217e+02   6.7573937e+02   4.0920986e+02   5.6133157e+02   6.4308151e+02   7.3508191e+02   7.7521584e+02
   5.0857143e+02   5.0092210e+02   1.3370000e+03   6.8629412e+02   3.4278172e+02   1.4420000e+03   1.9283180e+06   4.0574655e+07   5.2111493e+00   2.3741490e-01   3.3635796e-02   4.7175366e-01   9.1666667e-01             NaN   1.8055556e-01   2.6388889e-01   1.7710905e+02   9.5999091e+01   2.0655185e+02   1.2032079e+02   1.6495538e+02   1.2859337e+02   1.4639963e+02   1.6172985e+02   1.8206331e+02   1.5610175e+02   1.5333972e+02   2.5600914e+02   4.2384877e+02   5.5381018e+02   5.9525241e+02
   6.3411111e+02   3.7499381e+02   1.2280000e+03   5.6055319e+02   3.1978009e+02   1.2860000e+03   5.7758140e+06   3.9959904e+07   5.3402873e+00   3.3776166e-01   2.9360509e-02   4.5564891e-01   3.3750000e+00             NaN   3.4375000e-01   3.3333333e-01   1.4116145e+02   2.1603959e+02   1.7529280e+02   8.9942485e+01   1.9669829e+02   2.4379710e+02   1.5913606e+02   1.5200581e+02   1.8048452e+02   2.0470523e+02   2.0748906e+02   2.6061707e+02   4.1424888e+02   4.9458546e+02   2.5691722e+02
   8.0514286e+02   5.4478572e+02   1.3810000e+03   7.0518750e+02   4.5615531e+02   2.3400000e+03   6.5535820e+06   8.9088177e+07   2.7764090e+00   4.5598569e-01   4.5089596e-02   5.4457077e-01   5.0000000e-01             NaN   3.4375000e-01   4.1666667e-01   1.1342747e+02   1.6020861e+02   2.9115056e+02   1.1267368e+02   3.1307455e+02   3.8717805e+02   2.4516185e+02   1.9696892e+02   1.9548531e+02   2.7982278e+02   2.3730503e+02   3.5762283e+02   5.1242532e+02   5.6904693e+02   2.9879793e+02
   8.4540000e+02   4.6175547e+02   1.6650000e+03   6.6341322e+02   4.8266074e+02   2.3100000e+03   1.8822233e+07   1.2094576e+08   3.2078469e+00   4.3543595e-01   5.9468876e-02   5.8038282e-01   1.8916667e+00   6.5967284e-01   1.6000000e-01   5.4166667e-01   1.9133071e+02   2.1852324e+02   2.6740156e+02   8.1667429e+01   1.3603029e+02   4.5827375e+02   2.1139060e+02   2.3197188e+02   2.2935695e+02   2.1865388e+02   2.4274323e+02   4.1292591e+02   4.2643892e+02   4.6992499e+02   3.8308686e+02
   5.3170000e+02   4.7655128e+02   1.5080000e+03   8.2341026e+02   5.3559918e+02   2.7760000e+03   1.2781400e+07   1.4404779e+08   2.8093934e+00   4.1390861e-01   6.5242165e-02   6.0477120e-01   3.7500000e+00             NaN   1.5625000e-01   2.5000000e-01   2.9280663e+02   3.8840563e+02   2.8213728e+02   3.5654160e+02   1.0254660e+02   2.5425661e+01   2.7576074e+02   2.4386747e+02   2.6533537e+02   2.9858045e+02   2.9054254e+02   4.2523381e+02   4.5156204e+02   4.4694920e+02   4.5594337e+02
   6.2477778e+02   5.2896687e+02   1.7670000e+03   8.2629661e+02   5.1155031e+02   2.5810000e+03   1.1705265e+07   1.6798643e+08   3.7182760e+00   2.5160846e-01   4.6736430e-02   5.4749480e-01   2.3125000e+00             NaN   2.1093750e-01   2.8125000e-01   1.6153903e+02   1.1733345e+02   3.1881636e+02   2.3418958e+02   2.8458068e+02   4.3351903e+02   2.6300181e+02   2.5372226e+02   3.0987288e+02   2.9929473e+02   2.7834383e+02   4.0485607e+02   3.3469209e+02   4.4391895e+02   5.6306980e+02
   5.9846154e+02   3.9020222e+02   1.3520000e+03   9.7681513e+02   6.2371812e+02   3.4400000e+03   9.3716150e+06   1.8217617e+08   2.4713525e+00   4.6513287e-01   6.3762039e-02   5.9401420e-01   2.9166667e+00  -2.7121212e-01   3.0555556e-01   6.0833333e-01   1.5617555e+02   3.1412820e+02   1.9254374e+02   3.3293598e+02   4.3633576e+02   4.0985860e+01   2.5025302e+02   2.5682412e+02   3.0076732e+02   4.6306607e+02   4.2388563e+02   5.6406736e+02   5.0852366e+02   3.9540929e+02   7.0226479e+02
   8.0986667e+02   5.5369484e+02   2.3460000e+03   1.0363226e+03   6.4382206e+02   4.0950000e+03   1.8808574e+07   1.3342738e+08   2.1465529e+00   4.2194274e-01   6.7980345e-02   6.0812173e-01   1.6250000e+00             NaN   3.8194444e-01   5.7638889e-01   3.3195357e+02   2.1662980e+02   1.9595456e+02   5.9238014e+02   8.3234328e+01   9.3899450e+01   2.6089528e+02   2.5366358e+02   2.8204780e+02   3.6197106e+02   3.9080570e+02   5.3453939e+02   6.5738468e+02   8.2292884e+02   1.0017834e+03
   4.8718750e+02   7.7731616e+02   3.1960000e+03   7.3648450e+02   8.1551887e+02   5.0000000e+03   3.3639500e+07   6.2867260e+08   1.1350885e+00   6.9443468e-01   1.5462787e-01   7.5075447e-01   9.2852858e-01   8.6903780e-01   3.0450162e-01   8.1189068e-01   1.5569954e+02   1.3781466e+02   1.4200073e+02   5.6930055e+02   3.7166234e+02   3.0514784e+02   2.2049707e+02   1.9310971e+02   2.5738998e+02   5.8919034e+02   5.3860475e+02   7.2231046e+02   9.6500538e+02   1.0498130e+03   1.1072331e+03
   1.0094583e+03   1.3166554e+03   4.6470000e+03   1.0115846e+03   1.4155489e+03   1.2185000e+04   1.0537156e+08   1.8680361e+09   1.0444795e+00   6.6139203e-01   2.1580719e-01   7.8582458e-01   1.4889940e+00   8.6365914e-01   3.3622323e-01   7.8535664e-01   3.1852467e+02   1.9359361e+02   2.3274078e+02   1.0691698e+03   6.5775297e+02   6.2556686e+02   3.4817957e+02   3.1712775e+02   4.7907834e+02   1.1398948e+03   9.5896675e+02   1.3120981e+03   1.5730525e+03   1.7298575e+03   1.7952377e+03
   8.4357692e+02   1.1479852e+03   5.0530000e+03   1.3426651e+03   1.2610783e+03   7.6130000e+03   8.1990015e+07   1.6162028e+09   1.3670785e+00   7.0662909e-01   9.6318073e-02   6.9483357e-01   1.3067810e+00   6.1352915e-01   4.2717177e-01   8.3501498e-01   3.0058219e+02   2.5725957e+02   2.4668852e+02   8.4660017e+02   8.4517794e+02   1.0420380e+03   3.1864885e+02   2.9247503e+02   3.8467226e+02   9.6792885e+02   8.5102969e+02   1.0435731e+03   1.3012142e+03   1.5843002e+03   1.6752794e+03
   4.8104255e+02   8.1212866e+02   3.1110000e+03   1.5393093e+03   1.4543455e+03   5.8770000e+03   5.8757977e+07   2.1589851e+09   2.3028968e+00   6.5499523e-01   8.7997210e-02   6.8368625e-01   2.1698029e+00   4.7194996e-01   4.2997835e-01   7.7177606e-01   3.0403074e+02   2.7462264e+02   2.1546735e+02   9.9423161e+02   7.1047060e+02   6.1626666e+02   3.8427080e+02   3.6319839e+02   5.1438987e+02   1.0871672e+03   8.9845560e+02   1.2116223e+03   1.5284765e+03   1.1925530e+03   1.2580437e+03
   1.7393500e+03   1.5404549e+03   4.7880000e+03   8.1722095e+02   1.2048961e+03   5.5330000e+03   1.6741907e+08   1.6511477e+09   2.0825127e+00   6.1531884e-01   2.8053552e-01   7.5714729e-01   3.1044279e+00   7.5782200e-01   6.2569810e-02   5.8092544e-01   3.2603664e+02   2.8218251e+02   2.6586286e+02   2.0620198e+03   1.0726868e+03   6.7641015e+02   4.1916849e+02   3.3588291e+02   4.1646344e+02   1.1786140e+03   8.4705206e+02   7.9203894e+02   1.1572205e+03   8.6881239e+02   8.2267088e+02
   2.9360536e+03   2.2747949e+03   5.8880000e+03   1.1617744e+03   1.1627751e+03   4.5110000e+03   1.7812778e+08   7.9072817e+08   2.2393202e+00   7.2674907e-01   1.0832986e-01   6.6692559e-01   2.4346360e+00   8.1684159e-01   1.3028865e-01   6.7145754e-01   3.9815774e+02   2.2581532e+02   2.8555068e+02   2.3117500e+03   1.0873215e+03   8.4870433e+02   2.9896910e+02   2.4074802e+02   3.6922808e+02   1.0472215e+03   6.0622492e+02   8.8844725e+02   2.0076461e+03   1.4634417e+03   1.1274282e+03
   7.4363158e+02   5.8436054e+02   2.1650000e+03   1.1995236e+03   8.5659928e+02   3.2490000e+03   2.0293798e+07   2.1510438e+08   2.5556963e+00   7.2515006e-01   3.8263279e-02   5.9454628e-01   2.6152778e+00             NaN   1.8604552e-01   4.5340278e-01   2.2303680e+02   1.3551879e+02   2.5730400e+02   6.2983850e+02   4.9635068e+02   6.6635809e+02   2.2797291e+02   1.6029334e+02   2.7114130e+02   9.7326432e+02   5.7824792e+02   7.9513102e+02   1.8919298e+03   9.7002729e+02   8.2904176e+02
   1.1806364e+03   5.7414846e+02   2.0930000e+03   7.0919355e+02   6.0512784e+02   2.6900000e+03   1.3705946e+07   6.4252862e+07   2.1060950e+00   6.0470243e-01   8.1681458e-02   6.2362023e-01   6.2916667e+00             NaN   5.1041667e-01   5.6666667e-01   1.6998933e+02   1.8197455e+02   2.8881080e+02   1.0294613e+03   2.1869099e+02   6.3242234e+02   1.5302293e+02   1.3707578e+02   1.9594915e+02   5.0795097e+02   4.1190252e+02   6.4556717e+02   7.7474217e+02   5.0150987e+02   9.8320450e+02
   5.9109091e+02   6.1131824e+02   1.6750000e+03   7.2388060e+02   7.2283167e+02   2.4350000e+03   1.3840386e+07   9.0585087e+07   3.5255639e+00   6.4924901e-01   9.6498607e-02   6.1359965e-01   2.9687500e+00   7.5766044e-01   1.8760706e-01   6.5896991e-01   2.0308782e+02   1.6591457e+02   1.6137785e+02   8.4679814e+02   2.3558859e+02   1.8196518e+02   2.9867923e+02   2.4061412e+02   1.9268051e+02   4.6180194e+02   3.3019401e+02   6.2974961e+02   1.1761569e+03   7.1120583e+02   5.8384428e+02
   6.7833333e+02   5.3161057e+02   2.2630000e+03   5.7267816e+02   7.0111087e+02   2.4750000e+03   1.3497446e+07   7.0974830e+07   2.6525580e+00   7.5021401e-01   1.6069081e-01   6.9613511e-01   2.0341880e+00   2.6052663e-01   1.5108722e-01   6.4484636e-01   1.8339641e+02   1.9941768e+02   1.7772697e+02   5.1987421e+02   5.7949193e+02   3.7990837e+02   2.0264983e+02   1.7274097e+02   1.5728355e+02   6.7739580e+02   4.7003176e+02   5.4048085e+02   9.3737007e+02   1.0379785e+03   5.7285142e+02
   6.6031579e+02   4.2694054e+02   1.5220000e+03   5.6054444e+02   5.2074733e+02   2.0160000e+03   1.2285762e+07   8.6031234e+07   2.1660839e+00   7.0175419e-01   1.3084194e-01   6.9706682e-01   1.0623810e+01  -5.2174021e-02   1.0399660e-01   3.4559524e-01   2.0594838e+02   1.6641762e+02   1.8419890e+02   2.7954651e+02   3.8974914e+02   1.0437897e+02   2.6580931e+02   1.9058772e+02   1.4257855e+02   4.3985600e+02   3.9528042e+02   3.2083114e+02   1.0327994e+03   6.2927956e+02   9.2979012e+02
   7.9330435e+02   6.0513766e+02   2.2030000e+03   7.8190278e+02   5.7458796e+02   2.2450000e+03   2.5935515e+07   4.6537989e+07   2.6559156e+00   6.8176573e-01   6.4141190e-02   6.0794161e-01   5.3249459e+00   2.7646588e-01   9.1080621e-02   4.9153965e-01   2.6318466e+02   1.5196245e+02   1.5918685e+02   3.8538563e+02   4.9377437e+02   2.9440673e+02   2.0812311e+02   2.0635227e+02   1.4144513e+02   4.0495455e+02   2.8433856e+02   2.7164080e+02   1.2859841e+03   5.7873744e+02   8.5898286e+02
   7.2552632e+02   4.7990733e+02   1.5920000e+03   7.2839189e+02   5.0888303e+02   1.9270000e+03   1.7244956e+07   3.2522022e+07   2.4409938e+00   6.6807835e-01   5.2742763e-02   5.9179671e-01   1.1550000e+01  -8.1537422e-02   1.3625000e-01   3.1458333e-01   2.4270733e+02   1.8120573e+02   1.0738871e+02   7.9269741e+02   5.1998611e+02   4.7372008e+02   2.0311024e+02   1.3005713e+02   1.5191419e+02   4.9390287e+02   4.3462066e+02   2.9300187e+02   9.5183605e+02   7.3429486e+02   1.0449658e+03
   8.9940909e+02   8.8118868e+02   4.0690000e+03   1.1174756e+03   7.8766904e+02   3.6570000e+03   2.3317158e+07   7.6486931e+07   1.5701776e+00   7.3196496e-01   9.0550597e-02   6.9082058e-01   1.4675325e+00   2.2425427e-01   1.7095819e-01   6.2623256e-01   1.3323126e+02   1.1820200e+02   1.7956137e+02   1.2097170e+03   8.2816167e+02   3.0697266e+02   2.1698551e+02   1.5391583e+02   1.2146604e+02   8.7202983e+02   4.1925490e+02   3.2986371e+02   1.9770098e+03   5.5619812e+02   1.2743517e+03
   1.3669167e+03   1.2523064e+03   4.0110000e+03   1.5846923e+03   9.4307610e+02   4.2600000e+03   2.0498358e+07   9.4627115e+07   1.3777693e+00   7.1331970e-01   8.1342348e-02   6.8535358e-01   9.5833333e-01             NaN   4.5486111e-01   7.4305556e-01   4.0583447e+02   1.9143704e+02   1.4855997e+02   1.6284908e+03   1.5727697e+02   4.5334907e+02   2.6815283e+02   1.9466672e+02   1.6362204e+02   1.2350549e+03   5.3559575e+02   3.0029682e+02   2.0772950e+03   8.2160522e+02   8.1160191e+02
   2.2386000e+03   1.0578782e+03   3.0680000e+03   1.7842941e+03   7.4871037e+02   3.1470000e+03   1.6687001e+07   3.2516645e+07   6.5592803e+00   2.1651235e-01   8.1624770e-02   4.7128337e-01   1.3625000e+01             NaN   4.3750000e-01   3.6607143e-01   2.7081937e+02   5.3838878e+02   2.2867001e+02             NaN             NaN             NaN   3.7986474e+02   3.4554450e+02   2.1426900e+02   8.2503649e+02   9.8954731e+02   8.3962243e+02   1.1745059e+03   4.1725273e+02   9.3594483e+02
   3.8030000e+03   0.0000000e+00   3.8030000e+03   2.7575000e+03   1.0153757e+03   4.1680000e+03   3.4108770e+06   2.5431428e+07   7.3291667e+00   2.7523900e-01   1.4416667e-01   3.6694444e-01   0.0000000e+00             NaN   1.0000000e+00   1.0000000e+00   2.0161929e-01   2.4170603e+02   5.4507868e+02             NaN             NaN             NaN   2.3557029e+02   2.6895379e+02   3.4953913e+02   7.6779982e+02   8.0771357e+02   1.3046614e+03   7.8265171e+02   1.3960985e+03   2.1547002e+03
   0.0000000e+00   0.0000000e+00   0.0000000e+00   3.5569697e+03   1.5156335e+03   4.9040000e+03   0.0000000e+00   1.2857050e+08   3.8716204e+00   6.1918708e-01   2.2890003e-01   6.5994367e-01   0.0000000e+00             NaN   0.0000000e+00   0.0000000e+00             NaN             NaN             NaN             NaN             NaN             NaN   3.4109040e+02   2.1329369e+02   2.9156444e+02   1.1663741e+03   6.7235743e+02   9.0020858e+02   3.9451225e+02   9.0536452e+02   4.3042945e+03
   3.7138000e+03   7.6538020e+02   4.5750000e+03   3.6587374e+03   1.1523938e+03   4.5750000e+03   1.4506253e+07   1.5636694e+08   2.1415511e+00   7.3620279e-01   2.5442499e-01   7.4218681e-01   4.3333333e+00  -1.7231468e-01   3.0555556e-01   5.7539683e-01   2.5432176e+02   1.0844286e+02   3.5606403e+02   6.6890017e+02   7.4292305e+02   1.2048831e+02   2.3090441e+02   1.9053347e+02   2.0527794e+02   1.0050425e+03   7.4212571e+02   6.9907362e+02   2.7257957e+03   1.4948315e+03   2.8188849e+03
   2.9229167e+03   1.0920764e+03   4.1000000e+03   3.1144149e+03   9.7995057e+02   4.1000000e+03   1.6997739e+07   2.2371949e+08   3.2204222e+00   5.8849601e-01   1.1455273e-01   6.2169100e-01   5.5000000e-01             NaN   2.7500000e-01   3.5833333e-01   3.1620621e+02   2.9911495e+02   3.3086208e+02   2.6758438e+02   1.4509580e+03   6.6692753e+02   2.9824957e+02   2.1771606e+02   2.9120775e+02   1.2770764e+03   8.8073477e+02   1.0008090e+03   1.5787936e+03   1.0289834e+03   1.4380241e+03
   4.5840000e+03   9.9818192e+02   5.6580000e+03   4.5913840e+03   1.3477228e+03   5.6580000e+03   7.4285933e+07   3.1203596e+08   2.5555288e+00   7.1332796e-01   2.8406391e-01   7.4082516e-01   3.4556818e+00   5.5347936e-01   1.4383006e-01   5.7704545e-01   2.0507799e+02   2.9437997e+02   3.6997823e+02   5.1422962e+02   1.4161800e+03   1.1142712e+03   3.4533447e+02   2.6700234e+02   3.0475784e+02   1.1883821e+03   9.8668634e+02   1.0717865e+03   3.6559273e+03   1.2334434e+03   2.9920009e+03
   3.7761429e+03   1.4525953e+03   5.5840000e+03   4.3558672e+03   1.4586745e+03   5.5840000e+03   2.6715671e+07   3.4556848e+08   1.6474683e+00   7.5144699e-01   2.3047529e-01   7.2253945e-01   5.0000000e-01             NaN   9.3750000e-02   1.6666667e-01   3.0005493e+02   2.4555616e+02   3.8030336e+02   4.6808265e+02   4.5128186e+02   8.4267229e+02   2.9155175e+02   2.2610218e+02   3.0586974e+02   1.0306704e+03   7.4377103e+02   1.0857617e+03   4.0358999e+03   1.7386611e+03   3.0373342e+03
   3.0628750e+03   1.9701762e+03   5.6200000e+03   4.4175126e+03   1.3916023e+03   5.6200000e+03   4.6135297e+07   3.8135666e+08   3.0392229e+00   6.2540575e-01   1.6561638e-01   6.5906347e-01   0.0000000e+00             NaN   2.5000000e-01   2.5000000e-01   3.5886760e+02   1.9130007e+02   4.0357571e+02             NaN             NaN             NaN   2.4705994e+02   2.1849530e+02   3.3781975e+02   1.1107711e+03   9.5641602e+02   1.3078786e+03   3.0493014e+03   1.8719268e+03   3.5368153e+03
