0 -1.0510765 82 1.2041595 -0.73717635 1.3059167 1.0938747 -0.40122236 1.1951642 0.27643066 0.0032463603
2.1913848 -1.0510765 187 -0.80277297 1.1858924 -0.46806932 0.23882679 0.4021996 -0.78641923 -1.0042246 -0.6077089
0.35673706 0.91969198 691 -0.80277297 0.22435802 0.56511434 0.8822532 -0.19306941 1.2946982 0.97714836 0.096513286
0.050962437 -1.0510765 812 1.2041595 1.1858924 0.79305295 1.9857889 0.097384481 0.11165082 -0.33249188 -0.42097248
1.172136 -1.0510765 262 1.2041595 -0.73717635 -0.91189228 -0.3426978 1.0400425 -0.710168 -0.3720555 -0.52854084
-1.5798355 -1.0510765 104 1.2041595 0.22435802 3.3321301 0.93249785 -0.75005595 -0.88886363 -1.2365262 -0.65620607
-0.35673706 -1.0510765 598 1.2041595 -0.73717635 -1.141637 -1.2654322 -0.12648935 -0.84921817 -0.7724719 -0.5087756
0.66251168 0.91969198 123 -0.80277297 -0.73717635 -0.81656534 -0.4226166 0.49061893 -0.80711507 -0.91847855 -0.59340855
0.15288731 0.91969198 127 -0.80277297 -0.73717635 1.1821333 0.30331561 -0.60210972 3.7127267 2.2704882 1.443625
0.15288731 0.91969198 616 -0.80277297 -0.73717635 -0.15266828 -0.75363735 -0.66490826 0.63388659 1.2700911 1.0430756
-0.86636143 0.91969198 1126 1.2041595 -0.73717635 0.21902034 0.29202651 -0.26755239 0.59143856 0.6053329 0.023587827
0.66251168 0.91969198 828 1.2041595 0.22435802 -0.17779943 0.20034388 -0.020947011 -0.33032391 -0.29658095 -0.38575533
0.86636143 0.91969198 866 1.2041595 -0.73717635 -1.1938636 -0.69155566 4.2688564 -0.88886363 -1.2365262 -0.65620607
-0.050962437 0.91969198 317 -0.80277297 0.22435802 -0.083590735 1.8811357 0.92230581 0.25305082 0.53675151 -0.37938021
0 0.91969198 557 -0.80277297 1.1858924 0.055086698 0.39630325 -0.1049475 0.83613452 1.1687844 0.092047382
1.2740609 -1.0510765 415 1.2041595 -0.73717635 -0.33889331 -1.0569331 -0.80822321 -0.88886363 -1.2365262 -0.65620607
0.25481218 -1.0510765 455 -0.80277297 -0.73717635 -0.64139404 -0.88724734 -0.46521059 -0.15418292 0.8655505 0.34694212
-0.76443655 -1.0510765 175 -0.80277297 2.1474268 -0.15317223 2.1289668 1.2080859 0.057087099 0.32129676 -0.44261267
-0.25481218 0.91969198 175 1.2041595 -0.73717635 -1.0759547 -1.0421201 0.3144601 -0.88886363 -1.2365262 -0.65620607
1.4779107 0.91969198 298 -0.80277297 -0.73717635 -0.13360289 -1.4848607 -1.1397638 -0.83336214 -1.1466534 -0.65620607
0 0.91969198 256 -0.80277297 -0.73717635 -0.18262555 0.39274586 0.11212812 0.14770685 0.51538982 -0.20572039
0 -1.0510765 546 -0.80277297 2.1474268 -0.26045412 -0.48649266 -0.42442128 0.33498263 0.98624885 0.34407705
-3.3125584 -1.0510765 747 1.2041595 -0.73717635 -0.026685167 0.81691738 0.20751562 -0.41723565 -0.53677762 -0.48901124
0 -1.0510765 946 -0.80277297 -0.73717635 -0.14769134 -0.12458687 -0.26020181 -0.59263288 -0.75099697 -0.4785048
-1.3759858 0.91969198 1143 -0.80277297 0.22435802 -0.26258026 0.07999304 -0.016230747 0.63856471 1.5432874 0.14027204
-0.35673706 -1.0510765 103 -0.80277297 0.22435802 0.6433549 -0.77585584 -0.86758015 1.2950216 0.88849841 1.8572272
0 0.91969198 468 -0.80277297 1.1858924 -0.79295707 -1.1440022 -0.64077459 -0.65204719 -0.3577842 -0.0892825
0 0.91969198 82 -0.80277297 -0.73717635 2.2977215 0.71263228 -0.68373083 -0.58986266 -1.0792408 -0.54517825
-0.35673706 0.91969198 467 -0.80277297 -0.73717635 -0.61037738 -1.34391 -0.98778115 -0.065223151 1.0146235 4.1120262
0 -1.0510765 560 1.2041595 2.1474268 -0.82105672 -0.51567324 0.36162274 -0.7588679 -0.72606144 -0.54675801
