"V1" "V2" "V3" "V4" "V5" "V6" "V7" "V8" "V9" "V10" "V11" "V12" "V13" "V14" "V15" "V16" "V17" "V18" "V19" "V20" "V21" "V22" "V23" "V24" "V25" "V26" "V27" "V28" "V29" "V30" "V31" "V32" "V33" "V34" "V35" "V36" "V37" "V38" "V39" "V40" "V41" "V42" "V43" "V44"
"1" 2.1516556 1.990716 1.5603577 0.99886016 0.57505548 0.81956136 0.4789547 2.9206634 2.3297085 1.5098555 1.4227576 0.52921139 0.17727042 -0.21830154 0.29840208 3.105733 2.2146316 2.3114592 1.7013236 0.29313408 0.064102754 -0.20606285 0.52572404 3.9178047 2.7920143 -0.21682345 1.0158054 -0.83794107 -0.29777504 0.36011229 0.43980124 0.68751996 0.48385676 0.64236963 1.3113969 1.4912108 1.8047303 1.1482219 0.87060726 -1.6250882 0.76863256 -1.0825253 0 1
"2" 2.0068678 2.1848346 1.8733226 1.1779957 -0.43136747 2.1324377 0.23332957 4.0419781 3.5564952 1.0261476 1.5435954 0.40864492 0.21047569 -0.21830154 0.10983626 2.1668193 1.7502564 2.4035602 3.2805825 -0.34890533 0.031613764 -0.20606285 0.5318953 2.1364447 1.6717369 -0.87019954 0.91877715 -0.23353601 0.70966373 0.88470412 0.87611897 0.7335973 0.82083258 2.13382 1.7455504 1.3961715 1.6633649 1.1171516 0.87060726 -1.6250882 0.76863256 -1.0825253 0 1
"3" 2.1187493 2.744081 1.0398023 0.13201152 -0.43136747 0.42275479 0.23481117 3.5614631 1.4792685 0.30712233 0.31262521 0.77261691 0.17498287 -0.21830154 0.11550741 1.6682031 1.297148 2.9377457 2.8674461 -0.2949571 0.25684123 -0.20606285 1.04891 2.8226788 2.2744221 -0.69180106 0.61690272 -0.59407524 0.38184118 0.19624316 -0.014332452 0.11317234 0.21369769 0.34173077 0.39758617 0.041976957 0.070748618 -0.048873427 0.87060726 -1.6250882 0.76863256 -1.0825253 0 1
"4" 0.35168012 -0.047529395 -1.6331992 -1.6758727 -0.43136747 -1.8762506 -0.85814127 -0.9156419 -0.83562268 0.76468386 -0.92020636 -1.2844097 -1.6438883 -0.21830154 -1.7566818 -1.067533 -1.0234751 0.26681786 -0.92904382 -1.1832241 -1.6401978 -0.10676736 -1.6911307 -0.90913245 -0.6879748 0.78472801 -0.63446796 -0.64796763 -0.83448383 -1.8218443 -1.8932566 -1.7337559 -1.5694651 -1.7516993 -1.4419236 -1.3870719 -1.2629594 -0.95811897 0.7696528 0.36757947 0.76863256 0.52281947 1 2
"5" 0.81894982 -0.15383244 -1.5794801 -1.5764831 -0.43136747 -1.7661574 -0.84739747 -0.88565278 -0.83293491 1.8497584 -0.88110662 -1.2402432 -1.5497709 -0.21830154 -1.6035607 -0.86636747 -0.67832113 -0.46998983 -0.93374039 -1.1693613 -1.5903564 -0.18537629 -1.6671313 -1.0918315 -1.0019812 -0.33393255 0.81602415 0.21136505 0.61769036 -1.7818928 -1.8400987 -1.7692034 -1.5496647 -1.6598907 -1.4031608 -1.2509225 -1.5611755 -0.71705464 0.7696528 0.36757947 0.76863256 0.52281947 1 2
"6" 1.1644661 0.044908035 -1.5958568 -1.5658418 -0.43136747 -1.7950054 -0.91492423 -0.853244 -0.81446473 2.2158076 -0.86231922 -1.2393033 -1.5164257 -0.21830154 -1.6510566 -0.82116413 -0.5552121 0.39575921 -0.86099738 -0.99299038 -1.2310907 -0.20606285 -1.1761731 -0.61884372 -0.13492022 1.4631594 -0.59441249 -0.36608188 -0.41136234 -1.6416664 -1.7310712 -1.5639261 -1.4502276 -1.7070776 -1.4526438 -1.4088403 -1.5171763 -0.92775729 0.7696528 0.36757947 0.76863256 0.52281947 1 2
"7" 1.2401507 0.59028888 -1.4467541 -1.3169377 -0.43136747 -1.4505961 -0.7847679 -0.59534298 -0.78750412 1.6536606 -0.82765904 -1.0173043 -1.1023167 -0.21830154 -1.1243483 -0.35924114 0.12171681 0.91152459 -0.80903526 -0.82114902 -1.0345557 -0.20606285 -1.1604021 -0.10073443 0.56624985 -0.93975378 1.4361562 0.073726379 0.87831313 -1.5895089 -1.6618843 -1.5351035 -1.3394521 -1.5701218 -1.4391889 -1.4078953 -1.1032942 -1.0434782 0.7696528 0.36757947 0.76863256 0.52281947 1 2
"8" 0.94070319 0.70583567 -1.3917774 -1.2237058 -0.43136747 -1.4358778 -0.77322548 -0.48166917 -0.77985472 0.90848892 -0.85564452 -1.0352382 -1.1431866 -0.21830154 -1.226429 -0.60522797 -0.29226076 1.0220457 -0.78552144 -0.90725291 -0.96162322 -0.20606285 -0.99994925 -0.19952365 0.39188913 -0.930001 2.0218777 0.049379218 0.93083666 -1.5920987 -1.6047645 -1.4822532 -1.3362537 -1.5720998 -1.364421 -1.4178951 -1.0471041 -1.0228712 0.7696528 0.36757947 0.76863256 0.52281947 1 2
"9" -0.82307538 -0.61139772 2.2517553 2.9822979 -0.43136747 2.0688544 2.9224308 -0.5958867 1.0935435 -0.76487899 3.9342127 2.0423255 3.4114774 -0.21830154 5.0416122 0.56717272 -0.59095528 -0.80155329 4.2134896 1.9864084 4.4529565 -0.20606285 4.8236657 0.0013104678 -0.83667922 -0.087777186 1.1096545 -0.46003593 0.14882548 3.2089419 2.6333321 1.8183591 4.6591085 2.2674567 1.7644786 1.58973 0.77282849 1.2504165 0.56774388 2.9741307e-08 0.76863256 -0.19817748 0 3
"10" -0.83952854 -0.44963222 0.90880138 -0.38963439 2.5370719 0.14016257 2.4964224 -0.64100359 -0.44149854 -1.0394159 -0.42653816 1.7088848 -0.10690118 1.0701583 0.39764725 -0.25979379 -0.89476917 -0.46998983 0.5969598 1.5235016 1.4468478 -0.20606285 1.4562133 0.64463587 -0.50322535 -0.31463394 -0.90305951 -0.28708777 -0.65086974 -0.20651024 0.26738188 0.23374202 1.0205959 -0.14371695 -0.59772622 0.46876861 0.8099421 -0.21894216 0.56774388 2.9741307e-08 0.76863256 -0.19817748 0 3
"11" 1.3520321 1.3205446 -0.47191882 -0.15572569 -0.43136747 -0.021739214 -1.0077998 2.0245611 0.34935827 0.85619617 -0.393388 -0.93182173 -0.95664111 -0.21830154 -0.46649461 -0.43668105 0.2854726 1.4457102 -0.11096336 -1.0820954 -1.0364329 -0.20606285 -0.50419114 -0.37957744 0.44267103 -0.45691339 0.69531126 0.012320727 0.91053701 -0.46719285 -0.089447887 -0.227571 -0.29424848 0.064332082 -0.03756288 -0.31726626 -0.45151374 0.098832159 0.46678942 2.9741307e-08 -1.2913027 0.86360319 1 4
"12" 1.1414317 0.76129813 -0.66408951 -0.3373982 -0.43136747 -0.50744458 -1.0028708 0.95271229 -0.29717528 1.261465 -0.35411848 -0.88554587 -0.9644531 -0.21830154 -0.79187699 -0.197931 0.753086 0.91152459 -0.19661663 -1.0915301 -0.91084665 -0.20606285 -0.81892554 -0.57919068 0.046894588 -0.8248818 1.5607067 -0.25295174 0.49793264 -0.8248918 -0.66842681 -0.61137339 -0.75984688 -0.47361321 -0.15344127 -0.82303462 -0.65662158 0.25762843 0.46678942 2.9741307e-08 -1.2913027 0.86360319 1 4
"13" 1.1348505 1.0339885 -0.69379291 -0.74107297 -0.43136747 -0.80240021 -0.88542341 0.96938034 -0.24514205 0.71239112 -0.38862397 -0.74286581 -0.58185527 -0.21830154 -0.40127636 -0.17401355 0.58130969 1.6299121 0.74101623 -0.98178749 -0.36389129 -0.20606285 0.27064518 -0.080335622 0.77103095 0.29894415 -0.35083097 -0.64541607 -0.67324525 -0.61957071 -0.68409135 -0.73774093 -0.58281351 -0.56837043 -0.8286559 -0.65558571 -0.63452522 -0.69834086 0.46678942 2.9741307e-08 -1.2913027 0.86360319 1 4
"14" 0.78933413 1.3575196 -0.65404641 -0.78860616 -0.43136747 -0.58927858 -0.79700547 1.1520309 -0.3389311 -0.34653701 -0.62671494 -0.62434487 -0.69472021 -0.21830154 -0.59409554 -0.59890375 -0.26154022 0.8931044 -0.42829231 -0.95563457 -0.80396158 -0.20606285 -0.6276164 -0.34691901 0.18740151 -0.59317816 0.53346233 -0.50097331 -0.018381771 -0.93354089 -0.70471456 -0.81867017 -0.90854061 -0.78970481 -0.64654948 -0.88354067 -0.57393843 -0.48118446 0.46678942 2.9741307e-08 -1.2913027 0.86360319 1 4
"15" 0.098301482 0.76129813 -0.7353058 -0.91861699 -0.43136747 -0.62990121 -0.76648085 0.49812604 -0.67500135 -0.80409855 -0.87918266 -0.80437028 -1.0926184 -0.21830154 -1.2044533 -0.95730471 -0.86811323 0.45101978 -0.6663997 -0.8520072 -0.89453312 -0.20606285 -0.76064139 -0.3992895 0.067400286 -1.1937746 1.6618339 -0.49187999 0.71197734 -1.3441029 -1.2640721 -1.2723415 -1.1458878 -1.1985068 -1.0710617 -0.7653965 -0.62234248 -0.59037864 0.46678942 2.9741307e-08 -1.2913027 0.86360319 1 4
"16" 0.11146401 -0.35719479 -0.73945431 -1.042301 -0.43136747 -0.82712703 -0.87481282 -0.3185344 -0.70073275 0.73853749 -0.094037739 -0.69102628 -0.41023573 -0.21830154 -0.32684248 -0.07405686 0.74071612 -0.59893118 -0.40646244 -0.18385641 0.14917913 -0.20606285 -0.36910906 -0.59478229 -0.1359728 -1.0944247 -0.38444387 0.5503128 0.94415079 -0.96863518 -0.79128735 -0.92701104 -0.84152752 -1.028382 -0.92135042 -0.80789143 -0.82154989 -0.065060022 -1.8551631 -1.6250882 0.76863256 -0.40377427 0 5
"17" 0.31548317 0.12810172 -0.57505854 -0.6922837 -0.43136747 -0.71526761 -1.0666479 0.50672809 -0.50707437 0.50322013 -0.53919939 -0.71393509 -0.50223113 -0.21830154 -0.36795834 -0.23447567 0.81384973 0.35891882 -0.17167985 -0.59606818 -0.41046912 -0.20606285 -0.36568058 -0.11032339 1.1093086 -0.77024471 0.4180958 -0.37422574 0.29037411 -0.73317752 -0.83159344 -0.84544726 -0.49760316 -0.37832214 -0.74758371 -0.67274177 -0.71228625 -0.24790986 -1.8551631 -1.6250882 0.76863256 -0.40377427 0 5
"18" -0.48414032 -0.10299185 -0.47017552 -0.89129812 -0.43136747 -0.99550489 -0.24601176 -0.28639923 -0.55067126 -0.80409855 -0.68812353 -0.45508136 -0.31344987 -0.21830154 -0.74579887 -0.78287923 -0.80637288 -0.083165794 -0.71105597 -0.47013179 -0.66041731 -0.18123898 -0.73115647 -0.31576123 -0.25607484 0.012457325 -0.37381084 -0.60845642 -0.66331526 -0.7900938 -0.59276272 -0.36558381 -0.60305574 -0.79326917 -0.97457881 -0.88610576 -1.0019906 -0.40670779 -1.8551631 -1.6250882 0.76863256 -0.40377427 0 5
"19" 0.58531497 0.52096081 -0.41597264 -0.66030258 -0.43136747 -0.24486932 -0.48112706 0.38304056 -0.14129554 0.42478101 -0.40893853 -0.86748886 -0.99069672 -0.21830154 -0.30415787 -0.49597595 -0.34570629 0.61680151 0.045172585 -0.6327939 -0.54963808 -0.20606285 -0.31699617 0.023845806 0.34902981 -0.10051023 -1.0388745 -0.08292902 0.1196711 -0.20357259 -0.36486614 -0.60446359 -0.50064043 -0.75495921 -0.78937958 -0.76128465 -0.73928666 -0.11672642 -1.8551631 -1.6250882 0.76863256 -0.40377427 0 5
"20" 0.41749275 -0.084504368 -0.41295213 -0.31567258 -0.43136747 -0.15891419 -0.6410601 0.001932504 -0.10942438 0.89541573 -0.4056204 -0.62329213 -0.23581564 -0.21830154 0.36149365 0.13177752 0.69411378 0.21155728 0.62886022 0.047072001 0.49253916 -0.20606285 0.54012365 0.55248516 1.3046562 -0.25481392 -0.98612234 -0.074044575 0.46540865 -0.32108734 0.21492997 -0.052822755 -0.58213691 -0.14974928 -0.66118949 -0.22373252 -0.43435623 0.031126543 -1.8551631 -1.6250882 0.76863256 -0.40377427 0 5
"21" -0.93824749 -0.52358217 -1.1592569 -1.5113633 0.2090835 -1.5777626 -0.28027385 -0.83174395 -0.82243123 -1.183221 -0.91386378 -0.77097516 -1.5141611 0.032838941 -1.6822479 -1.120631 -1.1912032 -0.61735137 -0.92022681 -1.1364438 -1.5471409 -0.19778823 -1.706216 -1.1145449 -1.1450549 -0.18995787 -0.4208863 -0.55676267 -0.62840345 -1.572979 -1.6691882 -1.3716343 -0.89461119 -1.6102257 -1.598695 -0.92008076 -1.1125852 -0.80303869 -0.74466409 2.9741307e-08 -1.2913027 0.10036032 1 6
"22" -0.74739086 -0.38954789 -0.48075814 -0.71641422 0.14300522 -0.7882706 -0.51493067 -0.38221617 -0.56617649 -0.92175723 -0.79604299 -0.77447467 -1.057317 -0.21830154 -1.1697175 -0.99792405 -1.0018036 -0.43314945 -0.77251343 -1.1787112 -1.3750806 -0.20606285 -1.5142211 -1.0881434 -1.0764375 0.8603493 -1.0231383 -0.54084946 -0.83972502 -0.97943938 -0.62593061 -0.23567289 -0.3058747 -0.85427336 -0.27250485 0.20325224 -1.0624543 -0.16978718 -0.74466409 2.9741307e-08 -1.2913027 0.10036032 1 6
"23" -1.3528671 -1.0412318 0.82478712 2.8951708 -0.43136747 0.442183 1.3302447 -0.94902058 -0.1628595 -1.2224405 -0.62591285 2.5685714 2.6512095 -0.21830154 0.71594068 -0.53888729 -0.90936019 -1.0041754 -0.71501602 3.641996 2.1334029 -0.20606285 1.2052486 -0.22666271 -0.72242688 8.3482847 -1.985759 3.3834288 0.0077506168 2.5589863 2.6196842 2.650431 0.70633287 1.3109746 0.79437286 0.72313317 0.66776319 -0.72816164 1.5772885 0.36757947 -1.2913027 -0.6854137 0 7
"24" -1.1455573 -0.91644125 2.5913606 1.9527898 -0.43136747 0.60702846 1.454104 -0.70390155 0.083946869 -0.96097679 0.059636895 3.911208 1.4162028 -0.21830154 1.2809292 0.76188665 -0.1594321 -1.0041754 -0.20243641 4.3367833 0.60700794 9.5993673 1.1860492 -0.08079345 -0.66162584 2.5306052 -0.58908746 0.19654337 -0.32032311 1.060516 2.4116701 3.208712 0.28832814 1.7899958 1.1142401 -0.36395371 -0.89482661 -0.53929448 1.5772885 0.36757947 -1.2913027 -0.6854137 0 7
"25" -0.90863181 -0.7777851 2.8311996 1.6379292 1.9474504 0.92200103 2.426161 -0.63044878 -0.31657012 -0.68643987 -0.18649008 2.1704772 2.2998086 -0.21830154 1.6601876 0.84851578 -0.3777244 -0.87523406 -0.67781572 3.4006681 1.7468194 4.8083596 1.5528964 0.23739738 -0.67216899 -0.021567327 1.150977 0.014216189 0.23311095 0.3166632 0.25658311 0.66890115 0.19940183 1.1759393 3.4371325 0.89102772 1.4152795 1.7415566 1.5772885 0.36757947 -1.2913027 -0.6854137 0 7
"26" -1.3166701 -0.99039119 2.1037626 0.14687328 -0.43136747 0.38507583 1.9668818 -0.85650268 -0.66941106 -1.2224405 -0.61761841 2.867118 0.75552638 -0.21830154 0.17009225 -0.48521628 -0.95096509 -0.96733502 -0.48355438 3.3048395 1.6289016 -0.20606285 1.143536 -0.15325753 -0.78789161 -0.91812008 -0.58946904 0.26467372 0.22487682 0.13677588 0.53619548 0.19389328 -0.59277563 -0.046909479 -0.51129006 0.50962708 1.1398116 0.87574982 1.5772885 0.36757947 -1.2913027 -0.6854137 0 7
"27" 4.2247536 5.1335886 -0.78128152 -1.0720614 -0.43136747 0.064215917 -0.39661768 2.6046231 -0.30308503 1.1176599 -0.38548974 -0.31730433 -0.77680748 -0.21830154 -0.46295014 0.86441122 1.3082572 4.2455794 -0.23270223 -0.76901215 -0.913231 -0.20606285 -0.66121549 1.9829959 2.6528211 -0.94599019 1.0120343 -0.39585013 0.66743408 -1.0984285 -1.3081686 -1.3324487 -0.95809576 -1.1475252 -1.022321 -1.190575 -0.86204421 -0.76102044 -1.1484819 -1.6250882 -1.2913027 -1.130404 0 8
"28" 2.6682848 4.005852 -0.78751483 -1.0464087 -0.43136747 -0.0064321362 -0.48119536 2.1046018 -0.20236979 -0.41190294 -0.79014818 -0.54573967 -0.83221593 -0.21830154 -0.66356716 -0.57445574 -0.44941239 3.1956284 1.0112795 -0.70559853 -0.34268616 -0.20606285 1.2203339 1.5859822 2.3605118 -1.4065817 0.17410493 1.0735007 2.1383876 -0.77970966 -1.2666033 -1.3910169 -0.93246553 -1.1178467 -1.0403647 -0.88763412 -0.9589759 -0.8708121 -1.1484819 -1.6250882 -1.2913027 -1.130404 0 8
"29" 1.4342979 2.1571033 -0.53336482 -0.89005734 -0.43136747 -0.60870679 -0.43583445 1.4227584 -0.39273049 -0.22887833 -0.32453165 0.084274635 -0.2385222 -0.21830154 -0.21979948 0.13540652 0.43698246 1.7772736 0.39730398 -0.50533302 -0.5493545 -0.20606285 -0.26556898 1.1610919 1.7231971 -1.3908243 1.1973054 1.5513505 2.1354842 -1.0482036 -1.0343928 -1.156665 -0.65426263 -1.0328494 -1.0250124 -0.42425805 -0.59482955 -0.80187949 -1.1484819 -1.6250882 -1.2913027 -1.130404 0 8
"30" 2.6748661 4.3848454 -0.66305838 -0.84565845 -0.43136747 0.01476228 -0.30942642 2.3715978 0.12228141 -0.83024492 -0.67661231 0.14795624 0.10924084 -0.21830154 0.5819597 -0.51250806 -0.46478828 3.4719313 0.6125558 -0.59963312 -0.26786649 -0.20606285 1.0057111 2.1736814 2.670718 -0.94944117 0.35523979 -0.015270482 1.3662218 -0.76160157 -0.89718225 -1.1548234 -0.93631911 -0.89850088 -0.86287919 -0.54455342 -0.66595386 -0.74164576 -1.1484819 -1.6250882 -1.2913027 -1.130404 0 8
"31" 0.7860435 -0.20005116 -0.37646807 -0.50950866 -0.43136747 -0.71350141 -0.10399046 -0.35679047 -0.45858709 1.8889779 -0.46961381 -1.0035831 -1.1832369 -0.21830154 -1.2285557 -0.25671657 -0.28633537 0.11945632 -0.19703446 -0.066097553 0.11829748 -0.20606285 0.026537453 0.30899668 0.30952294 0.7077363 -0.23201274 -0.81934755 -1.1438685 -0.30227923 -0.29597684 -0.37631315 -0.57106044 -0.89587459 -0.78792516 -0.70580105 1.3081923 -0.71432569 -1.1484819 2.3602472 0.76863256 3.4518696 1 9
"32" 0.9209594 -0.16307618 -0.22713647 -0.31438149 -0.43136747 -0.55984189 -0.18433093 -0.22406034 -0.35264719 2.0720025 -0.43080253 -1.0279415 -0.89798226 -0.21830154 -0.12764325 -0.26802801 -0.25294306 -0.45156964 -0.20920007 -0.12771871 0.47729203 -0.13159123 0.30698706 -0.39951842 -0.38357128 0.47794211 -0.03446695 -0.80243755 -0.75020735 -0.0059311908 -0.24172154 -0.64027499 -0.13528262 -0.21233335 -0.56254461 0.51137286 0.55765823 -0.11919439 -1.1484819 2.3602472 0.76863256 3.4518696 1 9
"33" 0.7761716 -0.20467303 -0.43606443 -0.4358151 -0.43136747 0.017705949 -0.25334402 -0.34788189 -0.3465425 1.8497584 -0.2108969 -0.87735788 -0.67403719 -0.21830154 0.14386317 0.050581277 0.15663415 -0.56209079 -0.060268241 -0.094284017 0.44905572 -0.20606285 0.14859132 -0.50418311 -0.46306703 -0.29622779 -0.62942286 -0.36161028 -0.60162616 0.16140705 -0.16826233 -0.42669905 -0.11075856 -0.53265287 -0.38302698 -0.037609124 -0.47234749 -0.27683004 -1.1484819 2.3602472 0.76863256 3.4518696 1 9
"34" -0.26037737 -0.1769418 -0.91292385 -1.0716303 -0.43136747 -1.08146 -0.49736516 -0.50180008 -0.71724039 -0.24195152 -0.81714889 -0.80420303 -1.1967284 -0.21830154 -1.1037904 -0.70459044 -0.61384604 0.064195745 -0.59571754 -0.68493036 -0.38112802 -0.20606285 -0.33893844 -0.42380877 -0.2153264 -0.29454869 0.062860057 -0.47954371 -0.38815201 -1.1350004 -1.1216078 -1.1875743 -1.1502881 -1.1881829 -1.0327413 -0.89546031 -0.59144696 -0.27029834 -1.1484819 2.3602472 0.76863256 3.4518696 1 9
"35" -1.076454 -0.73156638 -0.73684809 -1.2193303 -0.43136747 -1.1309137 -0.94177223 -0.61198723 -0.75886145 -1.0917087 -0.85484645 -0.66339011 -0.91680086 -0.21830154 -1.1484507 -1.047096 -0.96051934 -0.83839368 -0.88090566 -0.91511899 -1.0283767 -0.20606285 -1.1638306 -1.1041165 -0.99315707 -0.390618 -1.9951407 0.17495066 0.034028405 -0.8191464 -0.83665726 -1.0096904 -0.57645977 -0.80696626 -0.74862024 -1.6400644 0.27050824 -1.1999248 0.062971584 2.3602472 -1.2913027 0.2608948 1 10
"36" -1.3298327 -0.97652558 0.63427955 1.4492566 -0.43136747 0.71064561 -1.0789139 -0.39409044 -0.52863099 -1.2747333 -0.51168277 1.7968496 1.7989898 -0.21830154 0.37000038 -0.80503524 -0.38505258 -1.0041754 -0.38010636 0.60383158 1.9306892 -0.20606285 0.33852907 -0.8645196 -0.43814216 -0.50124937 1.3402739 0.47013553 0.51735847 0.33192504 1.1236728 0.87259221 2.5587544 2.3401181 2.4344106 3.1804336 0.25353177 -0.15384475 0.56774388 -1.6250882 0.76863256 -1.0656269 0 11
"37" -1.1982074 -0.90257563 0.028796191 0.59084025 -0.43136747 0.59289885 -1.1686877 -0.38511246 -0.36748795 -1.0263427 -0.46322228 0.49457441 0.13628076 -0.21830154 -0.17230358 -0.62903931 0.13213433 -1.1146966 -0.88252719 -0.83253647 -0.83671179 -0.20606285 -1.3112552 -1.2263822 -1.1783805 0.47790044 -1.2858317 -0.15394735 -0.21738112 0.95127675 0.31393768 0.75267114 0.54691765 -0.141016 -0.031112477 0.22480247 -0.443882 -0.71399895 0.56774388 -1.6250882 0.76863256 -1.0656269 0 11
"38" -1.3528671 -1.0273662 0.3140168 -0.54721601 3.5231631 -0.38498796 -0.9771582 -0.64521922 -0.7196681 -1.2093673 -0.72507837 0.87334654 0.083229116 -0.21830154 -0.13047883 -0.82101557 -0.50846061 -1.1331168 -0.79297686 0.32543203 0.17170882 1.4778232 -0.1791713 -1.1148755 -1.0010841 0.81796743 -0.8833801 0.071375001 -2.042787 0.51141376 0.24342572 -0.77245071 0.93660504 -0.58620716 -0.054737712 1.9484493 -0.36703789 0.24239337 0.56774388 -1.6250882 0.76863256 -1.0656269 0 11
"39" -1.076454 -0.7130789 -0.7739843 -1.0400576 0.26499588 -1.2680886 -0.84218245 -0.65203764 -0.78394485 -1.0524891 -0.87405872 -0.46662018 -1.1441176 -0.21830154 -1.414286 -0.96432927 -0.84998543 -0.94891483 -0.91415405 -0.75881932 -1.1726293 -0.20606285 -1.4278235 -1.1171392 -1.0460283 0.35186411 0.023434544 -0.59284656 -0.55725672 -1.2311532 -1.3146746 -1.1151035 -0.65937113 -1.1979434 -1.2490937 -0.10859386 -1.3585169 -0.90910808 0.56774388 -1.6250882 0.76863256 -1.0656269 0 11
"40" 1.7271642 0.51171706 0.40467351 0.87739996 -0.43136747 0.79777821 0.6937428 0.23986146 1.6931002 2.6602959 1.7001018 -0.88573254 -0.34737316 -0.21830154 0.38559605 0.34319334 -0.14426107 1.0220457 1.9967585 -0.26374088 0.32362067 -0.20606285 0.32001528 0.99711297 0.3242174 0.21557725 -0.0817852 -0.68491688 -0.72959828 1.0628439 1.2301302 1.0366291 0.92067929 1.154099 0.55105437 0.12389184 2.1201834 0.51482439 0.56774388 -1.6250882 0.76863256 0.3115899 1 12
"41" -0.14520526 0.044908035 1.0022312 0.77632513 -0.43136747 1.4324332 0.99052946 0.030061378 1.0501593 -0.30731745 1.8768145 -0.1261421 1.1646935 -0.21830154 1.4872174 -0.13802065 -0.58853434 0.21155728 0.91374816 0.14078044 0.80729933 -0.20606285 1.292332 0.6649075 -0.061060856 -0.42084748 -0.45351856 -0.39334707 -0.27377188 1.6415693 1.0212305 1.0272077 2.2551997 0.2476362 0.97184368 0.42933526 -0.35890749 0.22895097 0.56774388 -1.6250882 0.76863256 0.3115899 1 12
"42" 0.071976428 -0.1122356 -1.0245215 -0.99627585 -0.43136747 -1.1650602 -0.7733898 -0.43505274 -0.75559885 0.3332687 -0.71130237 -0.35788221 -0.83294943 -0.21830154 -0.92727575 0.1646083 0.96160825 -0.45156964 -0.87334878 -0.72096137 -1.2818919 0.19939375 -1.377082 -0.79096182 -0.54601897 -0.67487877 1.3808339 -0.60662046 -0.040250038 -1.3855969 -1.436628 -1.1820946 -0.84793902 -1.0582887 -0.87695451 -0.89543555 -0.83114036 -0.69738833 1.0725162 -1.6250882 0.76863256 0.90866549 1 13
"43" 0.071976428 -0.1122356 -1.069162 -1.0086475 -0.43136747 -1.0879361 -0.88790378 -0.41024275 -0.73424834 0.3332687 -0.63887113 -0.58467125 -0.84029473 -0.21830154 -1.0803969 -0.1457031 0.63619292 -0.45156964 -0.88787972 -0.97907396 -1.1679266 -0.20606285 -1.2707991 -0.96127404 -0.76137945 -0.11801879 0.55894457 -0.58607828 -0.12642997 -1.2427764 -1.3126797 -0.95170374 -1.0194067 -1.1976458 -0.74858525 -0.62251211 -0.95080734 -0.90135362 1.0725162 -1.6250882 0.76863256 0.90866549 1 13
"44" -0.49730285 -0.18156367 -1.3346437 -1.3597796 -0.43136747 -1.6160303 -1.3287756 -0.41219453 -0.80549727 -0.67336668 -0.86947455 -0.82641953 -1.1286967 -0.21830154 -1.1668819 -0.91178304 -0.35595521 0.11945632 -0.84501749 -1.0499146 -1.2763792 -0.20606285 -1.1816587 -0.79752403 0.08028298 -0.0074151411 0.4299316 -0.65394932 -0.38186286 -1.527914 -1.574564 -1.4532246 -1.1306452 -1.387644 -1.3055691 -1.3460209 -1.3833038 -1.0399284 1.0725162 -1.6250882 0.76863256 0.90866549 1 13
"45" 2.2964434 2.2911376 -0.024229659 1.0397465 -0.43136747 1.6414337 -0.3311277 2.3367802 2.4535628 1.2876113 2.3302978 0.34274892 1.2685809 -0.21830154 1.3468564 2.3883793 3.043297 2.9193256 2.831592 -0.1604581 0.87844063 -0.20606285 1.2498189 3.2624232 4.0004355 -0.56533136 1.142809 0.3134197 1.1935271 0.80347225 0.57035068 0.56019314 0.5628945 0.71222211 0.22071428 0.81854909 0.34951633 -0.0026070536 -0.34084625 2.9741307e-08 0.76863256 -0.10242007 0 14
"46" 1.4803668 2.0092034 -0.45526757 0.83479922 -0.43136747 1.1998834 -0.24784499 1.1920451 2.382764 0.11102453 0.30988974 -0.2216944 0.087953977 -0.21830154 0.046035792 0.15217208 0.26876405 1.9246352 1.1011495 -0.20043404 0.070554812 -0.20606285 1.4685558 2.0717637 2.4174783 -0.79700742 0.86582914 1.6535136 1.7966048 0.74177137 0.75870762 0.58865172 0.34630292 0.59739564 -0.09407888 0.74024921 0.22078815 -0.019398597 -0.34084625 2.9741307e-08 0.76863256 -0.10242007 0 14
"47" 0.50633981 0.28062348 0.8451198 2.1324849 -0.43136747 1.6997184 0.030534934 0.75314539 1.9616182 0.50322013 3.7858226 1.4074953 1.6405667 -0.21830154 1.2036598 2.9436801 2.8266366 0.28523805 1.0504159 0.92683397 0.7005921 -0.20606285 0.66286321 1.7536746 1.5993847 -0.31053022 1.065789 -0.32193552 0.11211898 1.5184563 1.808836 1.6043682 1.4667594 1.4557812 0.65454639 0.86285841 1.5723469 0.61408818 -0.34084625 2.9741307e-08 0.76863256 -0.10242007 0 14
"48" 0.20031106 0.71507941 -0.41853324 0.083552477 -0.43136747 0.69003993 0.15584884 0.060932276 -0.13842971 -0.58185437 -0.4226541 0.31601855 0.06316082 -0.21830154 -0.1822281 -0.10773653 -0.27220193 0.57996113 -0.27247989 -0.84114408 -0.36732769 -0.20606285 0.19384724 -0.31469296 -0.45851164 -1.510824 1.4019483 0.8784047 2.3397944 -0.49758727 -0.36238898 -0.40016779 -0.025506828 -0.54368326 -0.30161637 -0.061112196 -0.41366185 -0.23507695 0.36583496 0.36757947 0.76863256 -0.53051201 0 15
"49" 0.6511276 0.81213871 0.062929566 0.40685325 -0.43136747 0.41274631 0.31751098 0.43153701 0.63667302 0.1371709 -0.28852198 -0.52617938 -0.65367422 -0.21830154 -1.0017096 -0.195448 -0.42244907 0.76416305 -0.30910202 -0.71194131 -0.84819005 -0.20606285 -1.0863469 -0.0023521606 -0.25525875 -0.18849827 0.64684143 -0.62881642 0.03546504 0.10930976 0.28469205 0.12756577 1.1516291 0.74980196 0.043977352 0.0071481789 -0.67219449 -0.13463621 0.36583496 0.36757947 0.76863256 -0.53051201 0 15
"50" 1.0986535 0.60877636 0.84672026 1.399294 -0.43136747 1.8851695 0.40381911 0.7767291 2.9665622 1.3268309 1.0948158 -0.58114621 -0.13178944 -0.21830154 0.17080115 0.47494092 0.10935395 0.96678517 0.63347988 -0.41324193 -0.035130937 -0.20606285 0.11224944 0.67009622 0.2569029 0.36042173 -0.61953924 -0.7179794 -0.91498495 2.3328934 1.8985142 1.5693516 1.3595547 1.6514856 1.6741815 0.55133852 0.62065956 0.17820859 0.36583496 0.36757947 0.76863256 -0.53051201 0 15
"51" 0.69719644 0.48398583 1.6533276 2.0617346 -0.43136747 4.3996515 0.87999302 0.81360542 4.7485706 0.67317156 1.3596786 -0.47804865 -0.0037359607 -0.21830154 0.58408638 0.23763398 -0.29529393 0.87468421 1.8822212 -0.066529561 -0.055079603 -0.20606285 0.51201012 1.1915375 0.3496539 -0.043771981 -0.48535169 -0.54482929 -0.29071769 2.8008231 2.9364419 2.629597 2.5423548 2.3305107 2.3455678 1.4898808 2.1840979 0.63076137 0.36583496 0.36757947 0.76863256 -0.53051201 0 15
"52" 0.81565918 0.87684491 1.0606944 2.0280832 -0.43136747 1.8086341 0.52880775 1.1034415 4.6422015 0.39863463 0.37348587 -0.21511699 0.33505611 -0.21830154 0.80738801 0.41874446 -0.0065385691 0.98520536 2.3634453 0.10129131 1.1325888 -0.20606285 1.4130145 1.6277972 0.92486139 0.88510003 -0.059789313 -0.71688586 -0.75553127 2.4615232 2.2069848 2.1844758 1.8895701 1.8231753 1.6654873 1.3709275 2.2919353 0.093151607 0.36583496 0.36757947 0.76863256 -0.53051201 0 15
"53" -1.2936357 -0.9395506 0.22170094 -0.68843208 2.6590626 -0.62872374 0.066814194 -0.80134925 -0.72943362 -1.2878065 -0.86757027 -0.11801218 -0.8141539 -0.21830154 -1.1286017 -1.0855082 -1.1821009 -0.96733502 -0.84405448 -0.44286201 -0.88489336 -0.20606285 -1.1912584 -1.0524837 -1.1222148 1.3014857 -0.69601069 -0.58498566 -2.0964297 -0.23184515 0.061037498 -0.46574292 0.43113937 0.3530274 0.076933505 -1.3616975 -0.83878331 0.30583781 1.6782429 2.9741307e-08 -1.2913027 -0.25450537 0 16
"54" -0.73422833 -0.2740011 -0.79865693 -0.3313358 -0.43136747 -0.42207818 -1.1558246 -0.029876096 -0.6044769 -1.1047818 -0.89588558 -0.14774243 -1.0592978 -0.21830154 -1.3278009 -0.91532715 -0.55892333 -0.26736772 -0.83781002 -0.72598965 -1.1010291 -0.20606285 -1.313998 -0.67780186 0.068260651 -0.67160887 1.312107 0.30635607 1.5635144 -0.56946792 -0.97508292 -0.87636142 -0.13097856 -0.32914377 -0.62407632 -0.88403936 -0.87823779 -0.39682716 1.6782429 2.9741307e-08 -1.2913027 -0.25450537 0 16
"55" 0.11804527 0.063395522 -0.5364176 -0.2962608 -0.43136747 -0.47329802 -1.3096899 1.0489468 -0.18524465 0.09795134 0.23535812 -0.67974192 -0.079092317 -0.21830154 -0.17230358 -0.40391393 1.0580246 0.11945632 -0.61430571 -0.76112865 -0.69832719 -0.20606285 -0.88406665 -0.47272011 0.93918689 0.10867031 -0.15276951 -0.59485057 -0.09550554 -0.43723907 -0.3159062 0.51920832 -0.4803043 -0.35760948 -0.080357462 -0.744 -1.1403958 -0.57753541 1.6782429 2.9741307e-08 -1.2913027 -0.25450537 0 16
"56" 0.41420212 0.11885798 1.1680001 0.72959228 -0.43136747 0.89491928 -1.0786786 2.8473176 1.1494255 0.68624474 3.3836504 -0.5151996 0.95120071 -0.21830154 1.1866463 0.18591542 1.7446032 0.0089351679 1.4316101 0.081315931 0.69506338 -0.20606285 1.0948516 0.33226963 2.0670112 -0.17139314 0.20544549 -0.71561629 -0.46176802 0.76879854 1.0752271 1.4181256 2.0667559 1.4989831 0.76175279 1.3632865 1.6869234 0.58234769 1.6782429 2.9741307e-08 -1.2913027 -0.25450537 0 16
"57" 0.21676422 0.22053915 0.87141199 0.027795353 -0.43136747 0.037134163 -1.3076504 3.95008 0.49185564 0.11102453 0.98355204 -0.60636977 0.40772126 -0.21830154 -0.053918271 -0.30885958 1.3200382 -0.12000618 0.46544483 -0.4692128 -0.0004275881 -0.20606285 0.37761373 -0.34587617 1.2820297 -0.029998215 -0.67690494 -0.3629669 -0.054945549 0.27093117 0.51718126 0.51553077 0.38262127 0.87852702 0.32041342 1.3183487 1.9479585 0.8727075 1.6782429 2.9741307e-08 -1.2913027 -0.25450537 0 16
"58" -0.47426843 -0.40803538 0.46417653 0.910184 -0.43136747 0.93671938 0.02508324 -0.23644222 0.24010527 -0.33346382 0.78593772 0.76759241 1.7166905 -0.21830154 0.92931779 0.60433284 0.50569827 -0.34104849 0.60656018 0.51475344 0.92416615 -0.20606285 1.2978176 0.20593439 0.10450866 0.070646769 -0.2827368 -0.34289693 0.12671361 1.768138 0.97783761 0.91931829 1.1681269 0.52510502 0.59963634 0.68373344 0.050724386 1.0207034 -1.2494364 0.36757947 0.76863256 -0.28266931 0 17
"59" -0.85927233 -0.55593527 0.78420427 1.4693124 -0.43136747 1.2675878 0.32002652 -0.36937635 0.161685 -0.90868404 0.62214754 1.4818098 3.2374471 -0.21830154 1.8530067 -0.045300743 -0.29251732 -0.85681387 -0.18278532 2.9614604 3.1785124 0.67932198 1.9512857 0.166027 -0.11345072 -0.18195454 0.2590595 -0.26453974 -0.042634851 1.1245205 1.1477576 0.87346 2.3899025 2.039687 1.5017378 0.65834838 -0.61674339 -0.78344838 -1.2494364 0.36757947 0.76863256 -0.28266931 0 17
"60" -0.96128191 -0.78702884 0.43231579 0.86047544 -0.43136747 0.41333505 -0.40356788 -0.47044472 -0.17880205 -0.71258624 0.015501888 -0.40069097 0.82569603 -0.21830154 0.83857935 -0.68638177 -0.63292865 -1.1146966 -0.42388571 0.67485494 1.557343 -0.20606285 0.75817494 -1.0455399 -1.0438572 0.25346966 0.33381854 -0.53329897 -0.85063587 1.288333 1.2240927 0.78369732 1.1034674 1.4703791 0.94261253 0.51351206 -0.21902258 -0.1792198 -1.2494364 0.36757947 0.76863256 -0.28266931 0 17
"61" -0.54008106 -0.31097607 0.38494027 1.1176517 -0.43136747 0.91199256 -0.43156546 0.11935195 0.031144816 -0.69951305 0.4146169 3.3631163 1.7938418 0.75350294 1.4546083 1.5037945 2.1851913 -0.064745601 -0.096352433 0.96556633 1.2943195 -0.20606285 1.181935 1.0991833 1.6377252 -0.31668489 0.91480419 -0.16031779 0.8262217 0.326679 0.65344157 0.38837095 0.19025907 0.76852863 0.53768771 0.57258907 -0.69131942 -0.16498132 -0.34084625 2.9741307e-08 -1.2913027 -0.93044001 0 18
"62" 0.47343349 -0.0059325515 -0.11690664 0.213257 -0.43136747 0.41627872 -0.57309853 0.26878892 0.18495867 0.89541573 2.3429223 0.37522765 0.94878303 -0.21830154 1.3489831 1.9268596 3.1217135 0.56154094 0.38504877 -0.47115785 0.26242528 -0.20606285 0.96662648 0.22467992 0.73180155 -0.26985428 -0.041882739 -0.48776617 -0.20394021 0.29314046 0.41646129 0.18653295 0.48606736 -0.17816118 -0.30299494 0.01060525 0.33577276 0.30970644 -0.34084625 2.9741307e-08 -1.2913027 -0.93044001 0 18
"63" 0.6511276 -0.17231993 0.35875927 0.49106377 -0.43136747 0.18196267 -0.29437847 0.1693878 -0.035800943 1.5098555 1.5267863 0.099675327 0.62334804 -0.21830154 1.0342341 2.1319087 2.6479584 0.21155728 0.012757259 0.043764644 -0.098575863 -0.20606285 -0.090030843 0.54851731 0.76804046 -0.091012459 0.83876524 -0.62147349 0.16399208 0.41826854 0.18726335 0.45774472 0.83103437 0.88451628 0.7148631 -0.10261077 0.69162248 0.3208701 -0.34084625 2.9741307e-08 -1.2913027 -0.93044001 0 18
"64" 0.62809318 -0.0059325515 0.52431285 0.76270843 -0.43136747 0.81661769 -0.26284831 0.43091357 0.83579188 1.3137577 1.898055 0.24917152 0.54788598 -0.21830154 0.46144771 2.2249045 2.6846514 0.43259959 0.0045270153 0.11165487 -0.083357027 -0.20606285 0.33167211 0.92047756 1.1499411 -0.0024784693 -0.055752643 -0.23238756 0.17985174 0.62366671 0.94427548 1.4620961 0.73610609 0.62210112 0.69958352 0.36114018 0.7971876 0.12469344 -0.34084625 2.9741307e-08 -1.2913027 -0.93044001 0 18
"65" 0.48330539 0.12810172 0.048711069 0.031002373 -0.43136747 0.26203047 -0.3473232 0.33245488 -0.1242932 0.75161068 0.38031647 0.69592012 0.59091832 -0.21830154 0.48909458 2.2739491 2.946172 0.43259959 -0.15807957 -0.2634923 -0.45010594 -0.20606285 -0.44590699 0.4029024 0.66238939 -0.16857234 0.49328462 -0.74609501 -0.45351447 -0.015451747 -0.094281961 -0.16942237 -0.055148436 0.49163794 0.040500923 0.097492141 1.2728453 -0.25652123 -0.34084625 2.9741307e-08 -1.2913027 -0.93044001 0 18
"66" -0.48743095 0.081883008 0.17682891 0.70470405 -0.43136747 0.70946814 -0.4893472 0.48244255 0.81546398 -1.117855 -0.71306954 0.6032235 0.51021119 -0.21830154 -0.080856245 -0.73275233 -0.65506291 0.0089351679 -0.092495449 0.22464703 0.61177491 -0.20606285 0.22950343 0.48058064 0.94934732 0.42841228 -0.29278334 -0.25896054 0.37008871 0.72096399 0.85522612 1.4193144 -0.40168844 -0.089007886 0.71196592 0.20437662 -0.50149841 0.33595644 -0.34084625 2.9741307e-08 -1.2913027 -0.93044001 0 18
"67" -1.0007695 -0.62988521 4.2039565 1.6370392 2.6539797 1.7456396 1.205753 -0.020449101 1.1213875 -1.0786355 -0.0019171289 2.4645089 0.96438339 2.8390609 0.42883858 -0.1338611 -0.63608083 -0.85681387 0.16544271 1.4054609 0.92032657 -0.0074718625 1.0927945 -0.34732596 -0.7722119 1.2526233 -1.3921018 -0.71981349 -1.344082 2.194763 1.7655687 2.0411924 1.4953768 0.59956895 4.1568091 0.93796906 0.76397656 7.6119281 0.16392604 0.36757947 0.76863256 -0.93044001 0 18
"68" -1.0270945 -0.59291024 3.7828839 1.6654094 3.9399645 2.1907223 1.4709994 -0.10281124 0.42901192 -1.2224405 -0.16299389 1.9682908 1.086809 -0.21830154 0.22680378 -0.64680231 -0.98999799 -0.85681387 0.055080982 2.087208 0.83524826 -0.20606285 0.81851617 -0.12240498 -0.68874477 -0.35802591 0.70701058 -0.51445954 0.014192109 1.9420552 1.276771 1.6980436 0.78963319 2.9809927 2.9193229 2.5385409 2.6414939 4.2014335 0.16392604 0.36757947 0.76863256 -0.93044001 0 18
"69" -1.1356854 -0.74081013 1.6872973 0.2405907 2.6285649 0.94731659 1.83577 -0.65221483 -0.21881232 -1.2093673 -0.27830233 2.6451667 1.5451067 -0.21830154 0.64859574 -0.48479183 -0.93742915 -0.89365425 -0.0046216231 1.5276017 1.3924777 -0.20606285 0.57440845 -0.39791602 -0.89473963 -0.15976459 -1.6106957 -0.28424064 -0.64049739 1.248222 1.1274288 1.5216309 -0.6986408 0.032291562 -0.029632535 2.7924178 -0.32753787 0.82551973 0.16392604 0.36757947 0.76863256 -0.93044001 0 18
"70" 0.34509886 -0.015176295 0.91117789 0.059746548 -0.26363032 0.47986197 2.487311 -0.39499617 0.10771951 0.64702518 0.38860111 0.69976778 -0.10350059 -0.21830154 -0.12693436 2.1132756 0.1832948 -0.37788887 -0.48222892 0.23504011 -0.11286154 -0.20606285 -0.38625145 -0.0559181 -0.81120466 0.44044846 -0.57604368 -0.75037165 -1.0505294 0.48934163 0.43066159 0.50420148 0.10587009 -0.22970209 -0.17663743 -0.26673121 -0.06756577 -0.031667619 1.8801519 0.36757947 0.76863256 -0.5840235 0 19
"71" -0.388712 -0.00131068 0.08881443 -0.50628038 -0.43136747 -0.57985884 3.2085596 -0.67373992 -0.37062779 -0.73873261 -0.5197489 1.3276331 -0.099578054 0.50236246 0.013426665 0.24319421 -0.75887053 0.045775553 -0.1451653 0.24708143 -0.25218094 -0.20606285 0.33647198 0.55627496 -0.65388283 0.3849703 -0.58628432 -0.81947666 -1.1287494 -0.16848608 -0.24202824 -0.25041829 -0.51298742 -0.24563777 -0.78149139 -0.57028314 -0.48659268 -0.47606935 1.8801519 0.36757947 0.76863256 -0.5840235 0 19
"72" -1.425261 -1.031988 0.19200582 -1.1634629 3.7823933 -1.0031584 3.4963539 -1.0116287 -0.809895 -1.3793188 -0.91346602 1.1163293 -0.91020097 8.4078282 -0.84787962 -1.1006396 -1.2879844 -1.0041754 -0.8798956 0.36892445 -0.94384618 2.1563425 -0.87309552 -0.91383791 -1.2221904 2.0344478 -2.8837737 -0.11211614 -2.4294167 -1.2066205 -0.94515394 -0.90015446 -0.6031674 -1.7149159 -0.99501501 0.47613983 -1.4623392 0.50728609 1.8801519 0.36757947 0.76863256 -0.5840235 0 19
"73" -0.46439653 -0.27862297 1.0552487 0.77350163 -0.43136747 0.92435597 1.0396725 -0.25927619 1.275816 -0.59492756 0.77968494 -0.27212345 0.12165269 -0.21830154 -0.25666197 -0.51248684 -0.85065594 -0.17526676 1.0393221 -0.42965629 0.33208083 -0.20606285 0.90148537 -0.35737276 -0.74675188 0.31039901 -1.49674 -0.43946034 -0.60683341 0.91937627 2.0829973 2.7937698 1.4844883 0.56790992 0.28511258 -0.26961973 0.07140009 1.5393855 1.8801519 0.36757947 0.76863256 -0.5840235 0 19
"74" 0.091720218 -0.056773139 1.332206 1.1216368 -0.43136747 1.4383206 1.6549511 -0.14341871 1.2064799 0.22868321 0.97169358 0.13822233 0.16939768 -0.21830154 1.061881 0.72111875 -0.24660598 0.21155728 1.7706198 0.18307644 0.50219301 -0.20606285 0.97416913 0.71565016 -0.26831623 0.12413992 -0.39631121 -0.44215044 -0.083212208 2.251176 0.84044795 0.74285684 1.8465246 1.6232007 1.3056209 2.0813371 0.48443544 0.23965809 1.8801519 0.36757947 0.76863256 -0.5840235 0 19
"75" 0.80578729 0.18818605 0.66375028 -0.11791638 1.347663 0.57759177 1.8674509 -0.23951148 0.074759738 1.2483918 0.32284259 0.39312855 -0.18768675 -0.21830154 0.25870401 2.4405436 0.59810801 0.92994478 0.55826621 0.066972264 -0.0096591716 -0.20606285 0.19727572 1.4943911 0.070973149 0.63216631 -0.77380989 -0.82008938 -1.3641471 0.28813821 -0.025929189 0.24223056 0.44874713 0.13007168 0.22924942 0.64242376 -0.3774366 -0.72441968 1.8801519 0.36757947 0.76863256 -0.5840235 0 19
"76" -0.66512506 -0.39879163 -0.81307811 0.45633174 -0.43136747 0.29617703 -1.0432608 -0.29195382 -0.16079827 -0.77795217 0.13309997 -0.35644902 0.67367383 -0.21830154 0.49051237 -0.71293077 -0.22869227 -0.69103214 -0.76864416 -0.77218199 -0.62890546 -0.20606285 -0.90669461 -0.96717494 -0.67870218 -0.38415247 0.53104634 2.8278208 1.7843313 0.41789974 0.35225156 -0.026801134 0.26556338 0.26808577 -0.2183782 -0.64915941 -0.47829981 -0.31620064 2.8628881e-08 0.36757947 0.76863256 -0.70231206 0 20
"77" -0.40516516 -0.11685747 -1.0278705 0.055148798 -0.43136747 0.55992976 -0.99913539 -0.32159489 -0.11348505 -0.60800074 -0.063889727 -0.29669883 0.57771679 -0.21830154 0.67128035 -0.53963007 0.06756882 -0.19368695 0.048744863 -0.37729242 0.40793025 -0.20606285 0.59635071 -0.32791912 0.52735918 -0.6943394 0.37619589 3.4039201 2.3458609 0.37926513 0.25699383 -0.35828368 -0.18141199 0.028515981 -0.20550335 -0.42404767 -0.033666815 -0.18863661 2.8628881e-08 0.36757947 0.76863256 -0.70231206 0 20
"78" 0.38787707 0.31297659 -1.2839482 -0.69710889 -0.43136747 -1.0496684 -0.7874836 -0.4562296 -0.4841122 0.30712233 -0.50659949 -0.88175709 -0.79858452 -0.21830154 -1.0173053 -0.56240152 -0.20969235 0.35891882 -0.55919351 -0.85845951 -0.64843809 -0.20606285 -0.75035596 -0.45659438 -0.00039134555 0.30185021 0.25392092 2.0947873 1.6052139 -1.0131603 -0.8033452 -0.62281515 -0.76249628 -0.94081187 -0.89853511 -0.89893065 -0.93720487 -0.66839712 2.8628881e-08 0.36757947 0.76863256 -0.70231206 0 20
"79" -0.1912741 0.077261136 -1.3076641 -0.73995738 -0.43136747 -0.86598345 -0.82373852 -0.57291573 -0.54962638 -0.555708 -0.87936692 -1.1701108 -1.2499621 -0.21830154 -1.4235016 -1.0977534 -1.0838491 0.045775553 -0.57951218 -0.59436557 -0.26924115 -0.20606285 -0.24225532 -0.33964462 0.23371094 -0.26340481 0.23736269 2.3564601 1.6743888 -0.7071613 -0.89266854 -0.68922649 -0.66634499 -0.73358138 -0.67833216 -0.83732438 -0.8359877 -0.61806894 2.8628881e-08 0.36757947 0.76863256 -0.70231206 0 20
"80" -0.76384401 -0.63912895 -0.54030293 0.54816194 -0.43136747 0.61585947 -0.83663406 -0.46661307 -0.2775588 -0.60800074 -0.067877869 -0.089734844 0.68989964 -0.21830154 1.0221829 -0.40527215 0.10630358 -0.85681387 -0.38538666 0.17133109 1.7043467 -0.20606285 0.93577016 -0.75448815 -0.44186837 -0.57607838 0.12617302 1.4769208 0.84090048 1.0834533 0.86292844 0.060954956 -0.1011786 0.29929225 -0.27502713 -0.75669837 -0.80443128 -0.7038051 2.8628881e-08 0.36757947 0.76863256 -0.70231206 0 20
"81" -0.84610981 -0.30173233 -0.73559199 -0.43394236 -0.43136747 -0.65050689 -0.91046928 -0.2505728 -0.47031576 -1.2616601 -0.90231678 -0.81420143 -1.0441872 -0.21830154 -1.4561107 -1.1643488 -1.1854681 -0.35946868 -0.77474843 -1.0404664 -1.0917778 -0.20606285 -1.174116 -0.96712407 -0.75967732 0.55189352 -0.4820905 -0.39763469 -0.41488589 -0.032323925 -0.019147052 -0.77116168 -0.49075713 -0.32715277 -0.53774325 -0.74255254 -1.5222977 -0.15858061 2.8628881e-08 0.36757947 0.76863256 -0.70231206 0 20
"82" -1.1093603 -0.56980088 -0.16803891 -0.51072184 -0.43136747 -0.7029042 -0.74127742 -0.30141164 -0.65003048 -1.3400992 -0.8841832 -0.17890745 -0.33245894 -0.21830154 -1.0499144 -1.1418956 -1.1705392 -0.85681387 -0.77367812 -0.39693292 -0.43497896 -0.20606285 -0.75447013 -0.94196893 -0.79992729 -0.049159449 -0.13438671 -0.65930132 -0.85692233 -0.15731353 -0.63634317 -1.0962586 0.38996122 -0.59227495 -0.69101325 -0.78538927 -0.17728322 -0.28914461 2.8628881e-08 0.36757947 0.76863256 -0.70231206 0 20
"83" -0.9810257 -0.745432 -1.0653142 -1.2733636 -0.22804971 -1.5453822 -0.70454103 -0.82085215 -0.81553671 -0.93483041 -0.83093998 -0.71148085 -0.8106131 -0.21830154 -0.80321929 -0.97893016 -0.92367843 -0.85681387 -0.75248303 -0.86011704 -0.65876653 -0.20606285 -0.82989668 -1.0947819 -1.04536 0.64542043 -0.17158189 -0.72071997 -1.5670034 -1.2610144 -1.0672584 -1.2112608 -0.57266018 -0.42354441 -0.96841803 -0.59130789 0.22632437 -0.64548914 2.8628881e-08 0.36757947 0.76863256 -0.70231206 0 20
"84" -1.3133795 -1.0181224 -0.59683569 -0.2300482 -0.050146659 -0.1294775 -0.10445705 -0.94409827 -0.67675864 -1.2093673 -0.73995737 1.6416608 -0.31511261 4.2367123 -0.07305841 -0.67521887 -0.73128125 -1.059436 -0.83240125 0.32428667 -0.6597147 1.4819606 -0.91149448 -1.0054036 -1.0519472 -0.3765737 -1.8706457 1.0507922 1.0216729 0.057404219 0.39948993 0.4408938 -0.69330264 -0.42316278 -0.5389511 -1.4327315 -1.0694978 0.029118579 2.8628881e-08 -1.6250882 -1.2913027 0.11444229 1 21
"85" -1.1883355 -0.80089446 -0.72583124 -0.26976827 -0.43136747 -0.61694907 -0.16168293 -0.84216082 -0.63420058 -1.2355137 -0.75364837 1.560889 0.33320993 3.1557163 0.14740764 -0.74953911 -0.79403371 -0.94891483 -0.6540159 0.63875082 -0.032768321 1.0723666 0.089621472 -0.76084687 -0.78126286 0.50373085 -0.35337892 0.15131438 -0.42975048 -0.44587637 -0.50982394 -0.086395712 0.57776422 0.14011227 0.28088165 -0.58521316 -1.0557915 -0.40942723 2.8628881e-08 -1.6250882 -1.2913027 0.11444229 1 21
"86" -0.70461264 -0.52820404 -0.80002923 -0.33040862 -0.43136747 -0.35672874 -0.22118971 -0.70918496 -0.60329939 -0.64722031 -0.54560704 0.36602706 -0.036578053 -0.21830154 -0.41545424 -0.16208666 -0.11079663 -0.63577156 -0.6959959 -0.10517989 -0.52431767 -0.20606285 -0.45482104 -0.59422272 -0.57835741 -0.5055787 0.12778118 0.34957568 0.27834048 -0.4268533 -0.60821724 -0.050369751 -1.1498521 -0.52443572 -0.46766335 -0.84431598 -0.55256195 -0.49420829 2.8628881e-08 -1.6250882 -1.2913027 0.11444229 1 21
"87" 0.10159211 0.040286164 -0.35767774 -0.4804997 -0.26871326 -0.41324718 -0.31539136 -0.069499705 -0.48114223 0.1371709 -0.66243297 -0.71247275 -0.98078031 -0.21830154 -1.1548307 -0.42244093 -0.35415932 0.1747169 -0.63985736 -0.64370075 -0.80859443 -0.16468973 -0.58921743 -0.30200094 -0.19531587 -0.38200773 0.50930449 -0.39121537 -0.19577823 -0.31435897 -0.92124022 -0.77205457 -0.32141564 -0.60537521 -0.30836084 -0.1741192 -0.59479586 0.25338409 2.8628881e-08 -1.6250882 -1.2913027 0.11444229 1 21
"88" 0.3187738 -0.14921057 -0.61387941 -0.94049666 -0.43136747 -0.89954128 -0.63126031 -0.22589747 -0.57739676 0.88234254 -0.53030531 -0.78610148 -0.88227546 -0.21830154 -0.69759408 -0.16696777 0.24266108 0.15629671 -0.38750422 -0.48298147 -0.35118335 0.149746 0.40298448 -0.12929784 0.3141841 0.37127142 -1.3204804 -0.61588469 -1.0077701 -0.62295353 -0.65075913 -0.62555513 -0.6945483 -1.0075438 -0.90407191 -0.65619163 -0.73387291 -0.77135853 2.8628881e-08 -1.6250882 -1.2913027 0.11444229 1 21
"89" 0.23650801 -0.31097607 -0.67881509 -0.92175415 -0.43136747 -1.0255303 -0.72520635 -0.32409908 -0.64325763 0.93463529 -0.59033338 -0.9266393 -0.96392995 -0.21830154 -1.0215587 -0.39960582 -0.0083226049 -0.046325409 -0.68188038 -0.41127251 -0.73945528 0.24076687 -0.67561511 -0.22653554 0.28616004 -0.084875673 -0.013556991 -0.41326343 -0.1851405 -0.89079253 -0.8032358 -0.69348891 -0.73328788 -0.98213277 -0.77734384 -0.56649053 -0.55407961 -0.858096 2.8628881e-08 -1.6250882 -1.2913027 0.11444229 1 21
"90" -0.089264523 -0.58828837 -0.76652541 -1.0195024 -0.43136747 -1.0502571 -0.93971719 -0.49615343 -0.70246691 0.68624474 -0.65749468 -0.89713507 -0.90246853 -0.21830154 -0.71744311 -0.43967338 0.17843489 -0.72787252 -0.80902655 -0.1771257 -0.18947657 -0.015746487 -0.28339708 -0.73029954 -0.31073029 -0.044311012 -0.79585696 -0.41507741 -0.6574219 -0.84404706 -0.74271157 -1.0067094 -0.92577772 -0.70548045 -1.0242668 -0.55029398 -0.11819027 -0.86535159 2.8628881e-08 -1.6250882 -1.2913027 0.11444229 1 21
"91" 0.79920603 0.68734818 0.078345934 0.080911827 -0.43136747 0.44159427 0.0041947708 0.57748245 0.14829713 0.59473244 -0.26127216 -0.23254994 -0.56563299 -0.21830154 -0.43955664 0.56778816 0.48785521 0.72732267 0.54755889 -0.40217964 -0.22689747 -0.20606285 -0.33139579 0.47562083 0.38409248 -0.78022046 0.9256997 -0.16354973 0.81069499 -0.45764784 -0.17385422 -0.019407309 -0.19877578 -0.15596826 0.30333882 0.30538739 0.019899736 0.49215729 -2.8647077 2.3602472 -1.2913027 0.68053755 1 22
"92" 0.21018296 0.54407016 0.78682483 0.0022184328 -0.43136747 0.35917154 0.48088667 0.62640916 -0.0069456889 -0.29424426 -0.23872951 0.21367405 -0.22075537 -0.21830154 -0.18293699 0.17668375 -0.1786059 0.34049863 0.11637278 -0.10411626 -0.31119329 -0.20606285 -0.2299128 0.5179191 0.086246597 -0.90669815 0.82156813 -0.083557187 1.0310276 -0.55251938 -0.58171464 -0.34555032 -0.36136428 -0.14431548 0.73767697 0.83278235 0.3048321 1.0024047 -2.8647077 2.3602472 -1.2913027 0.68053755 1 22
"93" 0.058813902 0.49785145 0.9206963 0.15183614 1.6882203 0.54167901 0.6340176 0.55905776 -0.18028085 -0.56878118 -0.24299442 0.51772563 0.0082930764 -0.21830154 0.80809691 0.046315609 -0.34578608 0.46943998 0.4836174 0.024439708 -0.23336866 -0.20606285 -0.050260483 0.84595325 0.2487636 -1.0396177 1.6318103 -0.46113849 0.96288609 -0.72661155 -0.64952815 -0.11756962 -0.93377297 -0.47580644 -0.24718957 0.18329503 0.6984175 0.90032894 -2.8647077 2.3602472 -1.2913027 0.68053755 1 22
"94" -0.76055338 -0.22316051 1.5153199 0.2818387 4.1026188 0.49458031 0.73018165 0.06276098 -0.22037065 -1.183221 -0.74912795 0.90839379 -0.095940296 2.9045758 0.033984593 -0.76840567 -0.9854554 -0.21210714 -0.36021576 0.090127526 -0.30708989 -0.069531547 -0.020089865 0.054749232 -0.37955819 -0.2160414 0.70587013 -0.59360777 -0.24069565 -0.48114842 -0.22046579 0.20578483 -0.4222678 0.3336665 0.030025785 0.99118178 1.0679347 1.5138638 -2.8647077 2.3602472 -1.2913027 0.68053755 1 22
"95" 0.088429587 -0.21391677 -0.85675024 -0.50546017 -0.43136747 -0.7988678 -1.337323 0.23987112 -0.5043957 0.46400057 -0.15316225 -0.88556005 -0.61765643 -0.21830154 0.65143132 -0.50677806 0.85013052 -0.28578791 -0.61875026 -1.0237975 -0.86344351 -0.20606285 -1.0314913 -0.92614841 -0.27129815 0.81883778 -0.14056539 -0.49089375 -0.57832536 -0.38623857 -0.9433041 -0.56923078 -0.39647388 -0.87374091 -0.27873525 -0.76170847 -0.72675531 -0.76812882 2.8628881e-08 0.36757947 -1.2913027 1.241 1 23
"96" 0.50304918 0.71045754 -1.0446829 0.016202544 -0.43136747 0.77834999 -1.2837988 0.76491475 1.0333185 0.019512219 0.2134462 -0.80329617 -0.027611439 -0.21830154 0.52170371 -0.5860643 0.47642831 -0.50683022 -0.25826461 -0.84954381 0.14420923 -0.20606285 -0.28613986 -0.90519004 -0.29345707 0.30340753 -1.2344546 2.2824134 1.5299076 0.1772892 0.52458525 0.47880712 -0.54485707 -0.67780055 -0.45735839 -0.95186749 -0.30220487 -0.26736288 2.8628881e-08 0.36757947 -1.2913027 1.241 1 23
"97" -0.89546928 -0.81476007 -1.2890846 -0.99565047 -0.43136747 -0.95782592 -1.0840627 -0.85360969 -0.78468173 -0.59492756 -0.83658814 -1.0174114 -0.94298482 -0.21830154 -0.93790916 -1.0037602 -0.80940316 -0.96733502 -0.9103874 -1.0147591 -1.2044804 -0.20606285 -1.4696509 -1.189705 -1.1177298 -1.0414612 -0.61695639 1.6185213 1.5997803 -0.81151201 -1.1438779 -1.2373429 -0.90360796 -1.3895035 -1.400652 -0.95131675 -1.115453 -0.55205557 2.8628881e-08 0.36757947 -1.2913027 1.241 1 23
"98" -0.60918433 -0.49122906 -1.2499105 -0.69438093 -0.43136747 -0.77355225 -1.0312856 -0.69178588 -0.7007699 -0.50341525 -0.84214619 -1.0622524 -1.312726 -0.21830154 -1.3426877 -1.0102329 -0.8508008 -0.45156964 -0.70125167 -0.49742568 -0.55090067 -0.20606285 -0.91560866 -0.64346472 -0.041282089 -0.84201072 0.29398982 5.2697105 3.1142403 -0.58892164 -1.0760787 -0.92707692 -0.7500839 -0.81987604 -0.49148493 -0.76411307 0.26174981 -0.25418679 2.8628881e-08 0.36757947 -1.2913027 1.241 1 23
"99" -0.39529327 -0.58828837 -0.15353418 0.83092873 -0.43136747 -0.29079055 0.14375057 -0.61720325 -0.31995593 0.019512219 -0.0192149 -0.44847766 0.68780507 -0.21830154 0.73578971 -0.18562211 -0.33965572 -0.72787252 -0.13654785 1.0134058 1.3776616 -0.20606285 0.65874904 -0.21254633 -0.35970869 -0.017401048 1.7662177 1.7719475 1.5233316 -0.11859714 0.52725594 0.062058355 1.0726181 0.026763887 -0.031674406 0.024461637 1.0694074 0.82320598 -0.94657301 0.36757947 0.76863256 1.7958297 1 24
"100" 0.0094544268 -0.37568228 -0.0028084399 0.60314655 -0.43136747 0.18137394 0.15390132 -0.41573881 0.0047211311 0.47707376 -0.026237286 -0.66584316 0.04236582 -0.21830154 0.21900594 -0.17694222 -0.33617265 -0.24894752 -0.10321182 0.66569221 0.0052323061 -0.20606285 0.25281709 0.48169978 0.26998608 0.27294249 0.32497853 -0.39702449 -0.17764632 0.1165556 0.60382664 0.74101203 0.37451849 1.4430793 0.087843847 0.29385534 1.7373823 0.2247695 -0.94657301 0.36757947 0.76863256 1.7958297 1 24
"101" -0.10571768 -0.64375083 -0.17891559 1.4777166 -0.43136747 0.18726128 0.46212491 -0.71685435 -0.15012477 0.64702518 1.0390819 -0.083286067 1.4615556 -0.21830154 1.5418023 0.85413967 0.3872072 -0.59893118 0.39114569 0.83511096 1.1388981 -0.20606285 0.90354246 -0.044675865 -0.35341837 0.17932328 1.4060091 2.3291807 0.91034188 0.75755022 0.77532188 0.59466046 0.81801048 0.57409709 0.098744401 -0.052313772 1.5107047 2.1268923 -0.94657301 0.36757947 0.76863256 1.7958297 1 24
"102" -0.31302748 -0.76854136 0.54373589 1.8758877 -0.43136747 0.72889635 0.55085526 -0.67162973 -0.43840046 0.43785419 1.8050897 0.34215716 2.2580722 -0.21830154 2.3903484 1.2610546 0.65088013 -0.70945233 -0.37518731 0.40171528 0.84066646 -0.20606285 0.40161309 -0.45000673 -0.70159866 -1.0387155 2.28584 0.86479456 1.2184208 0.10527485 0.14210329 0.47629589 -0.042690427 0.47368587 1.6193126 2.5406002 2.5715791 0.73684478 -0.94657301 0.36757947 0.76863256 1.7958297 1 24
"103" -0.17153031 -0.36643853 0.21086286 2.1845498 -0.43136747 1.0297393 0.71561788 -0.48389981 0.48756667 0.15024409 1.1850381 -0.16926195 0.96409855 -0.21830154 0.87615074 0.25166187 -0.2221296 -0.13842637 0.56440367 1.0328286 0.95136531 -0.20606285 1.1853635 1.0126537 0.32208036 -0.4314107 1.5506408 3.0860883 1.8522941 1.2918136 1.4660139 1.2312671 0.84467529 1.5692978 0.70113584 2.6582387 2.395329 0.049298877 -0.94657301 0.36757947 0.76863256 1.7958297 1 24
"104" -0.076101996 -0.38030415 0.24510355 1.2446325 -0.43136747 0.55109875 0.72943984 -0.48937655 0.20070885 0.45092738 1.1159451 -0.11865704 1.0834405 -0.21830154 1.3900989 0.60643384 0.03575299 -0.21210714 1.280791 1.3529039 1.0133062 -0.20606285 1.3547303 1.1341563 0.40153777 -0.10283842 1.1241448 -0.34768384 -0.39528703 0.85440587 1.7025752 0.57211811 0.34747644 1.1126157 0.83951378 1.5045839 0.5308444 -0.49383356 -0.94657301 0.36757947 0.76863256 1.7958297 1 24
"105" -0.201146 -0.32021982 -0.24065955 0.30228779 -0.43136747 -0.25252286 0.68548614 -0.58392364 -0.17170011 -0.0066341545 -0.47573392 -0.74243002 -0.20923266 -0.21830154 0.1282675 -0.53035596 -0.79990401 -0.027905217 0.33864781 1.0096505 0.52700251 -0.20606285 0.54492352 1.2175065 0.49135256 0.86053262 0.23875354 -0.53140582 -0.58836128 0.12534365 0.19854007 0.30164841 -0.28744367 0.27172789 0.02582281 -0.43840169 1.7864087 -0.10983472 -0.94657301 0.36757947 0.76863256 1.7958297 1 24
"106" -0.46768716 -0.67610393 -0.14748643 -0.19107307 -0.43136747 -0.56278556 0.75493066 -0.75960089 -0.56598586 -0.0066341545 -0.13778642 -0.28824021 0.19484253 -0.21830154 -0.15458123 -0.026837406 -0.44289802 -0.72787252 -0.64286414 0.72232331 0.042972056 -0.20606285 -0.31082491 -0.33913592 -0.6706254 0.51918385 -0.22372834 -0.50862685 -0.91293025 -0.10255867 -0.20464078 -0.15931079 -0.6507137 -0.63389939 -0.31887011 0.48145367 0.060400859 0.044436547 -0.94657301 0.36757947 0.76863256 1.7958297 1 24
"107" -1.1192322 -0.81938194 -0.1339833 -0.32968092 0.50389426 -0.5792701 0.25642929 -0.79033861 -0.60807117 -1.0917087 -0.63029951 -0.14719436 0.57744463 -0.21830154 -0.37362949 -0.90274237 -1.0317053 -1.0410158 -0.7023935 0.59294834 0.2983227 0.30696387 -0.33208148 -0.92965843 -1.0350496 0.15462623 -0.015518945 -0.43539748 -0.73069138 0.013175626 -0.13908724 -0.028325548 1.3623991 1.009005 -0.66375066 -0.41240687 -0.88943272 -1.0893781 2.8628881e-08 0.36757947 0.76863256 0.48620634 1 25
"108" -0.82965665 -0.75467574 0.12992384 -0.13558934 0.17858583 -0.49390371 0.14453769 -0.6503694 -0.56075357 -0.60800074 -0.34894098 0.017392161 0.85726685 -0.21830154 0.77477888 -0.33572691 -0.4814439 -0.94891483 -0.13370421 1.3871213 1.592329 0.00080276209 0.69646231 -0.57005955 -0.68814827 0.67040299 -0.21433042 -0.55161991 -1.6724883 -0.25680891 -0.044139895 -0.38011745 0.9435801 1.007042 0.25787208 1.160157 0.81311607 0.27869529 2.8628881e-08 0.36757947 0.76863256 0.48620634 1 25
"109" 0.30232064 0.0079330631 0.21832857 0.75583142 -0.43136747 0.38272089 0.001479067 0.06922 0.28148827 0.58165925 0.69420224 0.56061679 1.329199 -0.21830154 1.1575817 1.7919923 1.7248062 0.34049863 1.7711554 0.57238591 2.0870418 -0.20606285 1.659865 1.4005362 1.2948573 -0.29613745 0.82690672 -0.52894985 0.15573711 0.059324779 0.050422437 0.80966285 0.57400714 0.040901917 0.61230276 1.0082229 0.93278298 0.33388763 2.8628881e-08 0.36757947 0.76863256 0.48620634 1 25
"110" 0.22663612 0.05877365 0.018679352 0.87678978 -0.43136747 0.70593574 -0.2913916 0.18458004 0.31465194 0.39863463 1.8228386 0.42764636 1.4072759 -0.21830154 1.4064035 1.330324 1.6968838 0.52470055 3.1079628 0.38890156 1.6421021 -0.20606285 2.1652228 1.4448184 1.7927157 -0.51688731 1.0310396 -0.21330091 0.82529941 0.26762223 0.50744325 0.85874441 0.72098033 0.50098088 0.43722352 1.1772584 0.12689417 0.83323812 2.8628881e-08 0.36757947 0.76863256 0.48620634 1 25
"111" -0.1287521 -0.1769418 0.68506375 1.2106017 -0.43136747 1.030328 -0.36782892 0.29493013 0.081333861 0.1371709 1.0326335 0.88640015 1.6240391 -0.21830154 1.3589076 1.5257383 2.0771819 -0.70945233 -0.082334828 0.27812767 0.92996908 -0.20606285 0.34332894 -0.50560746 -0.40283443 -0.75142551 1.7389824 -0.51907627 -0.10110636 0.36369811 0.35116158 0.3100158 0.78058558 1.1717051 1.4345181 0.80560775 1.1880569 0.30320377 2.8628881e-08 0.36757947 0.76863256 0.48620634 1 25
"112" -0.02345189 0.34070781 0.21313349 0.58104444 -0.43136747 0.25202199 -0.68492115 1.137274 0.31580317 -0.54263481 0.13127254 0.89019073 1.4385122 -0.21830154 0.7485498 0.34486989 1.0846673 0.39575921 0.60237521 -0.15976264 0.90517955 -0.20606285 0.67109156 0.50573578 1.3221771 -0.33408808 0.99100051 -0.58175436 0.2193753 0.23849477 0.016090182 0.056696665 0.50340551 0.6620857 0.59995887 0.98989645 -0.016946792 0.50028547 2.8628881e-08 0.36757947 0.76863256 0.48620634 1 25
"113" 0.23321738 -0.19542929 0.053906866 0.0074003598 1.6933032 0.26144173 0.94157444 -0.47211398 -0.22000806 0.79083024 0.030025047 -0.094185122 -0.26167988 -0.21830154 0.5103614 0.97924469 0.19453102 0.064195745 0.20598792 0.4987923 -0.18406901 -0.20606285 0.44069775 0.85429591 0.087615814 -0.060379626 0.1721541 0.50411689 0.60386994 0.24401678 -0.092282738 -0.032034237 -0.26134648 -0.048938211 -0.05738894 -0.16273555 -0.4507503 -0.24238162 0.062971584 2.9741307e-08 -1.2913027 -1.1332204 0 26
"114" 0.74984655 0.081883008 0.18960936 0.47441013 -0.43136747 0.77952746 1.1520415 -0.31675672 0.42000672 1.4444896 0.3397964 -0.076593821 0.94762275 -0.21830154 0.88394857 1.6665689 0.53565291 0.43259959 0.16235825 0.57090557 0.43205061 -0.20606285 0.80205947 1.5540868 0.43075319 -0.17199005 0.095062785 -0.42561441 0.14593168 0.40557739 0.42307995 0.538446 0.28780925 0.68266116 0.4613444 -0.28851718 0.10744216 0.16283756 0.062971584 2.9741307e-08 -1.2913027 -1.1332204 0 26
"115" 0.13449843 -0.47274158 0.84559097 1.1938939 -0.43136747 0.76657532 1.2545485 -0.50001271 0.37108084 0.93463529 1.2232746 -0.52815914 0.62437693 -0.21830154 1.0491209 0.32869856 -0.35790166 -0.26736772 1.606987 1.0768496 1.4103634 -0.20606285 0.95291256 0.78213704 -0.094444061 0.30713616 0.35916461 -0.5651415 -0.65144502 1.6513575 1.0560378 0.38616636 1.030887 1.6099591 1.5410351 0.95569264 0.65901117 0.44842546 0.062971584 2.9741307e-08 -1.2913027 -1.1332204 0 26
"116" 1.0789097 0.13734547 -0.013998901 0.57834838 -0.43136747 0.28734602 1.1066359 -0.35593828 0.84815327 2.0197098 1.1167039 -0.37121416 0.37059577 -0.21830154 0.94420457 1.462114 0.42921966 0.4141794 1.1289663 0.46087626 0.30888389 -0.20606285 0.47978242 1.3728376 0.34134516 0.73813378 -0.31269806 -0.47784473 -0.22963908 0.6637033 1.0544954 1.00878 -0.34130929 0.60047739 0.47373719 -0.61897264 0.046440295 0.70602193 0.062971584 2.9741307e-08 -1.2913027 -1.1332204 0 26
"117" 1.4441698 0.13272359 0.35836959 0.40973596 0.3819036 0.6093834 1.0321117 -0.18915044 0.5923048 2.7125887 1.3414142 -0.30613053 0.025697624 -0.21830154 0.52879265 2.2100489 0.97297635 -0.46998983 -0.090147354 0.70449191 0.23404773 -0.20606285 0.018994799 0.11650522 -0.43627687 0.036294999 0.26299927 -0.13148597 0.17375851 0.31885809 0.75526483 0.87809721 0.04678206 0.78339088 1.2101911 -0.14705569 0.31479672 1.0004376 0.062971584 2.9741307e-08 -1.2913027 -1.1332204 0 26
"118" 0.92754066 0.049529907 0.074050155 0.31662731 -0.43136747 0.81308529 0.80644789 -0.28958609 0.23766512 1.7059533 1.3800323 -0.41817577 0.031618912 -0.21830154 0.77123441 1.1038192 0.35774166 0.50628036 1.8077861 0.19882167 0.53289505 -0.20606285 0.69303383 1.1428042 0.35974193 -0.72593557 0.62811573 0.49489999 1.0106761 0.17432814 0.56580631 0.8847324 -0.66890205 0.4224268 1.0412736 0.0099432883 -0.26919509 0.63459559 0.062971584 2.9741307e-08 -1.2913027 -1.1332204 0 26
"119" 0.95386571 -0.010554423 0.022076692 -0.48086119 0.84445152 0.45513515 0.92574884 -0.36386204 -0.15354688 1.9543439 1.406154 -0.20438165 0.0047492446 -0.21830154 0.94066009 1.8460029 0.80380451 0.45101978 -0.16535589 -0.23011107 -0.55643239 -0.20606285 -0.36773767 0.46804123 -0.16549598 -0.22561148 -1.7318135 0.18778268 0.042290476 0.17085504 -0.35775629 0.118997 -0.33662138 0.19301587 0.35502202 -0.85086865 0.12693968 -0.049464796 0.062971584 2.9741307e-08 -1.2913027 -1.1332204 0 26
"120" 0.14437032 0.0033111916 0.26676365 -0.054120023 -0.14163965 1.0727169 1.1601737 -0.32770653 0.10561354 0.20253683 0.23360639 -0.12295953 -0.11820747 -0.21830154 -0.15670791 0.35925856 -0.30913159 0.43259959 -0.060496211 -0.018445548 -0.48789501 -0.20606285 -0.40339385 0.74098334 -0.082675294 0.08585174 -1.3020393 -0.27016367 -0.26626506 0.73425519 0.04393248 0.11991757 0.48094615 -0.15849946 0.17134002 -1.0484701 -0.32956931 -0.057848838 0.062971584 2.9741307e-08 -1.2913027 -1.1332204 0 26
"121" -0.72764707 -0.48660719 -0.48196095 -1.1886861 1.3120824 -1.0720403 -0.71528416 -0.36972106 -0.69824291 -0.83024492 -0.69798744 -0.22757327 -0.58272246 -0.21830154 -0.0042956864 -0.69253621 -0.47440287 -0.52525041 -0.65707295 -0.61666784 -0.49886389 -0.11504198 -0.057117442 -0.77529391 -0.55833042 1.0723448 -2.0182603 -0.47208226 -1.3605277 -0.84690908 -0.45807655 -0.64980334 -1.2904128 -1.0768148 -0.66999081 -0.93844671 -0.23757094 -0.36266703 2.8628881e-08 0.36757947 0.76863256 -0.10523647 0 27
"122" -1.0073508 -0.91181938 -0.34090798 -0.94715772 1.1850088 -0.68229852 -0.74439547 -0.72078195 -0.68846705 -0.68643987 -0.76898886 -0.46661555 -0.98462904 -0.21830154 -1.2150867 -0.7054181 -0.4752756 -0.96733502 -0.8774233 -0.66738064 -1.0071165 -0.20606285 -1.2632565 -1.1063548 -1.0534453 -0.63363229 -1.4511085 0.99922826 0.33891468 -0.62491495 -0.26774397 0.130621 -0.98071659 -0.29754695 -0.23468385 -0.8837583 -0.57100634 -0.72498864 2.8628881e-08 0.36757947 0.76863256 -0.10523647 0 27
"123" -0.71448454 -0.65299457 -0.57917911 -1.0076781 0.95627629 -0.94840618 -0.6975719 -0.57178582 -0.69140082 -0.50341525 -0.67291164 -0.4646352 -0.66077487 -0.21830154 -0.7302032 -0.57451941 -0.30464056 -0.80155329 -0.82465113 -0.5461109 -0.62694675 -0.098492733 -0.75927 -0.94814962 -0.82763705 0.52680355 -1.8524275 -0.45143315 -1.5244276 -0.41225002 -0.56619556 -0.57886968 -1.0767878 -1.050887 -0.37196643 -0.50078385 -0.30545097 -0.51319043 2.8628881e-08 0.36757947 0.76863256 -0.10523647 0 27
"124" -1.050129 -0.74081013 -0.52415792 -0.81331368 0.41240126 -1.0891136 -0.75931156 -0.60838097 -0.67960025 -1.0524891 -0.80649385 -0.77308372 -0.92803963 -0.21830154 -1.2413158 -1.0592138 -1.034922 -0.91207445 -0.87239503 -0.85613653 -1.3228918 -0.20606285 -1.4573084 -1.1225569 -1.0752227 2.1447318 -1.375969 -0.74025859 -1.9957352 -0.87291392 -0.19779117 -0.26556064 -1.3062995 -0.89524322 0.017202915 -0.97538249 -0.83114405 -0.58328518 2.8628881e-08 0.36757947 0.76863256 -0.10523647 0 27
"125" -0.54666232 -0.41265725 -0.65358966 -0.56081255 -0.43136747 -0.52451786 -0.7016042 -0.40216205 -0.49150566 -0.54263481 -0.5477197 -0.62570371 -0.55410431 -0.21830154 -0.039740389 -0.71492566 -0.51783029 -0.24894752 -0.43224166 -0.72845495 -0.4711108 -0.20606285 -0.16545739 -0.66818747 -0.40587401 0.10166642 -1.5018024 -0.46141853 -0.75811785 -0.26841131 -0.055886778 -0.048141829 -0.69350034 -0.58486089 -0.21741377 -0.93612271 -1.2650471 -0.60819862 2.8628881e-08 0.36757947 0.76863256 -0.10523647 0 27
"126" -0.58285927 -0.48660719 -0.65968242 -0.73202191 -0.43136747 -0.68406472 -0.62388138 -0.485007 -0.57591791 -0.47726888 -0.55495334 -0.55454025 -0.61186737 -0.21830154 -0.17797473 -0.62333053 -0.43002801 -0.37788887 -0.72555277 -1.0321793 -1.2050701 -0.20606285 -1.2927414 -0.96809059 -0.88396503 0.37971064 -1.6186538 -0.47133873 -0.97770069 -0.4336864 -0.33646647 -0.29235614 -0.78228031 -0.8689954 -0.62438562 -1.1417424 -0.96465666 -0.25342633 2.8628881e-08 0.36757947 0.76863256 -0.10523647 0 27
"127" -0.67170633 -0.57904462 -0.58107472 -0.2471921 -0.43136747 -0.09886334 -0.45957454 -0.49138235 -0.4951169 -0.73873261 -0.70202154 -0.48300238 -0.81691906 -0.21830154 -0.79471256 -0.75140667 -0.69241381 -0.28578791 -0.66449393 -0.85642959 -0.95591719 -0.20606285 -0.75515583 -0.79312379 -0.71191082 -0.55109677 0.33859793 0.13505148 0.20646185 -0.42800638 0.07773683 -0.12812143 -0.3644474 -0.12317544 -0.18181671 -1.1127325 -0.52732772 -0.40991117 2.8628881e-08 0.36757947 0.76863256 -0.10523647 0 27
"128" -0.85269107 -0.53744778 -0.47855277 -0.83918485 -0.0044001607 -0.85538625 -0.40167379 -0.54792946 -0.67891954 -0.9479036 -0.84429087 -0.73352111 -0.98040779 -0.21830154 -1.0201409 -0.99431627 -1.0210026 -0.69103214 -0.8602389 -0.96438619 -1.3717259 0.13319676 -1.4970787 -1.0565278 -1.0576875 0.45580299 -0.97667609 -0.5921199 -1.1574573 -0.83311185 -0.69739581 -0.48453331 -1.0098118 -0.7657964 -0.76027433 -0.29320449 0.067314834 0.043523074 2.8628881e-08 0.36757947 0.76863256 -0.10523647 0 27
"129" -0.69803138 -0.86097879 -0.44457365 -1.0514273 -0.43136747 -1.2463055 -0.058534876 -0.83007302 -0.74541774 -0.21580514 -0.7637535 -0.94640667 -0.87645292 -0.21830154 -1.1527041 -0.82776424 -0.90402767 -0.96733502 -0.91471311 -0.38127309 -1.0776481 -0.20606285 -1.1679447 -1.037706 -1.0918992 0.71140035 -1.9136714 -0.063399342 -0.95053724 -0.51146237 -0.96919961 -0.98880624 -0.78750999 -0.87214078 -0.37335664 -0.81504186 -0.69950506 -0.11845069 0.062971584 0.36757947 0.76863256 -0.10805286 0 28
"130" -1.2508575 -0.96728183 -0.013823144 -0.49634546 -0.43136747 -0.80240021 0.092225229 -0.85904522 -0.718951 -1.0917087 -0.77477007 -0.46220885 0.11048116 -0.21830154 -0.44593669 -0.99083583 -1.0926403 -1.0225956 -0.87880193 -0.50892759 0.24607183 -0.20606285 -0.48430596 -1.1130442 -1.1820496 0.42490681 -0.82833439 -0.1832219 -1.7737709 0.082029313 -0.012040708 -0.69321451 -0.80560972 0.040624649 -0.63845814 -0.18424431 1.1762627 -0.44597632 0.062971584 0.36757947 0.76863256 -0.10805286 0 28
"131" -0.96786318 -0.70383516 0.032782639 -0.69182785 1.0020228 -0.73822822 0.2791963 -0.67618727 -0.70351644 -0.89561085 -0.75121859 -0.12093152 0.17970943 -0.21830154 0.098493952 -0.70490877 -0.85923685 -0.85681387 -0.79283176 0.11582301 0.63967967 -0.20606285 0.042308458 -0.77280129 -0.90272972 0.21041057 -0.01476474 -0.59062937 -0.85895004 -0.31640989 -0.65718862 -0.95843594 -0.36370166 0.0091867459 -0.65543308 1.1417579 1.5671406 -0.8940627 0.062971584 0.36757947 0.76863256 -0.10805286 0 28
"132" -0.92179433 -0.63912895 -0.50312578 -1.0313057 -0.43136747 -0.99373868 0.35542737 -0.77709226 -0.71414822 -0.93483041 -0.74187528 -0.13011178 -0.074059769 -0.21830154 -0.09219855 -0.74667411 -0.91057561 -0.83839368 -0.79528801 -0.19391614 -0.22142871 -0.20606285 -0.56453238 -0.85536303 -0.98653162 -0.44718771 -0.46736463 -0.34604647 -0.036136999 -0.51665336 -0.87758504 -1.080196 0.074918051 -0.33608848 -0.39663687 1.3291675 1.3005233 -0.50139097 0.062971584 0.36757947 0.76863256 -0.10805286 0 28
"133" -1.2508575 -0.95803809 -0.18518587 -1.2544898 2.7658044 -1.0961784 0.47896011 -0.91278567 -0.83073394 -1.0786355 -0.84841876 0.83999623 -0.26195848 -0.21830154 -0.66782053 -0.60437908 -0.81565485 -1.0225956 -0.90002488 0.75595692 -0.30231497 -0.20606285 -0.69892877 -0.86645266 -1.0139242 -1.0371238 1.4209645 0.13739999 0.27060554 -1.2350903 -1.2814669 -1.2824085 -0.83575184 0.4786677 -1.0238319 1.0020764 1.3625904 -0.90666319 0.062971584 0.36757947 0.76863256 -0.10805286 0 28
"134" -1.0961978 -0.79165071 -0.23394449 -0.86057363 1.2866677 -0.88187927 0.56882584 -0.82627869 -0.76248482 -1.0524891 -0.83720595 0.54318093 -0.87889119 3.1666354 -0.87198202 -0.65168343 -0.87119517 -0.91207445 -0.82069947 0.064478025 -0.79497757 1.4281755 -0.59127452 -0.86024654 -1.0212546 0.28211877 -0.27803704 -0.53905696 -1.0384462 -0.48720869 -0.4894578 -0.3716153 0.65311228 -0.35282012 0.35159528 0.014808586 -1.156267 -0.13185357 0.062971584 0.36757947 0.76863256 -0.10805286 0 28
