"V1" "V2" "V3" "V4" "V5" "V6" "V7" "V8" "V9" "V10" "V11" "V12" "V13" "V14" "V15" "V16" "V17" "V18" "V19" "V20" "V21" "V22" "V23" "V24" "V25" "V26" "V27" "V28" "V29" "V30" "V31" "id"
"1" 0.52319594 1.3662655 1.0460413 0.57386775 0.92493398 0.54257984 3.9843037 0.9217347 -0.15488538 0.70253826 -0.54541884 0.13576302 2.0172392 0.49399617 -0.71946675 0.1596522 1.3493601 1.3442264 1.0179679 1.1648529 1.5109536 1.1844199 0.34278272 0.67714244 0.21358007 1.2009193 1.1301516 0.87539551 1.5581566 1.4358008 0.95320696 1
"2" 1.2383518 1.6173913 1.5229603 1.8119392 1.4751855 1.0008699 5.1994365 2.1503362 -0.15281324 0.93351893 -0.5634246 -0.24213669 2.059464 0.17706461 -0.80013835 -0.008776768 1.3613832 0.95189 1.2990709 1.6401238 1.162784 0.55489204 0.88930575 0.804806 0.40303917 1.9625807 1.543032 1.1601149 3.6796742 2.4054189 1.9412615 1
"3" 1.8570808 1.4452705 1.7749995 1.9648069 1.4037093 1.2430643 3.2717687 2.1433228 -0.52936209 0.97705274 -0.55104623 -0.056401522 0.57257358 0.35726926 -0.88164899 -0.025772944 1.0449143 1.4076797 0.75421963 2.0509846 1.7910216 1.3366097 0.62683175 0.85928406 0.60033335 1.9012271 1.4133318 1.1390405 4.0929792 1.822742 1.6407991 1
"4" 1.7493261 1.5705847 1.4702711 1.2543852 1.2357906 0.95023881 2.925549 1.5509951 -0.18991859 0.7918621 -0.65939244 -0.5062747 0.10412432 1.5722019 -0.87197753 0.34608224 0.70659168 1.5045987 1.3500695 0.84656601 1.615792 1.7647806 0.46296382 0.80510026 0.86481791 1.0927263 1.000951 0.892108 1.800462 1.7257605 1.5748701 1
"5" 2.2147708 1.2459619 1.3980271 1.6754652 1.0891474 0.88081673 2.8532219 2.7022317 0.041910089 0.33586477 -0.59028594 -0.069388239 -0.27362886 1.6071249 -0.50251912 0.6545972 0.53218963 1.282235 0.74835112 0.91127932 1.4357026 1.0785751 1.1116693 1.0422919 0.40570512 1.4594252 1.2383212 0.89840071 2.3563639 1.5348191 1.2788182 1
"6" -0.94008546 -0.36227608 -0.56939974 -1.0392245 -0.93550993 -1.2378616 -0.62613498 -0.71689835 -1.1335663 -0.4635294 1.9415464 1.7181422 -0.044800747 -0.61337237 1.1503572 1.1289352 -0.55049059 -0.23381584 -0.43789846 0.57815915 -0.11444986 -0.90989752 -1.0626052 -0.6259662 -1.0394459 -0.50084367 -0.7355992 -0.93174424 -0.96734801 -0.67584442 0.12325173 2
"7" -0.57495918 0.44693174 0.37574733 -0.79581605 -0.18861952 -0.4533399 0.34202551 -0.22972956 0.65195092 -0.11738272 1.5021137 1.3535245 -0.44432314 -0.61337237 1.1332434 1.0587843 0.77705247 0.85689371 1.5436133 -0.0085682875 0.23942818 0.2325191 0.018534949 0.30131808 0.24613656 -0.4240391 -0.15893591 0.32344891 -0.72320748 -0.65514953 -0.34761448 2
"8" -0.64843872 0.90611562 0.64734131 -0.30495134 0.86265467 0.15945348 1.6169044 1.1039937 2.068943 -0.70894996 0.30688704 0.01769709 1.9757175 -0.61337237 1.4571745 1.2189436 2.184571 1.8454915 1.7277897 -0.081468516 0.15396396 -0.3316105 1.0803937 1.694556 1.4494781 -0.2056201 0.37120952 1.2623228 -0.27067214 0.084901267 0.87715229 2
"9" 1.0117248 3.3769823 1.9417582 1.727107 2.9608072 1.4033092 1.4439867 5.473706 2.2666286 0.087517065 -0.28710141 -0.17178464 -1.0937141 -0.61337237 0.94573634 0.94056708 1.7764055 3.471462 5.9185411 2.480843 1.211956 2.5343385 3.4721835 3.5324577 3.5800188 2.438625 2.2343605 1.7271888 1.2151492 1.17471 2.4374984 2
"10" 0.73195109 2.3898291 2.85703 2.4292223 4.0284294 2.2828295 1.3638556 6.2160271 1.0084662 0.86813137 -0.33547994 -0.24292989 -1.0937141 -0.61337237 -0.1257327 -1.241905 0.72349372 4.2753462 3.2615618 2.0785324 3.7454257 4.428304 2.3840271 3.3985584 2.7742881 3.017223 5.6266285 5.4297437 2.6615774 3.4565697 2.3445804 2
"11" 2.6010549 3.22921 2.5696835 2.944815 2.8524404 2.0067071 2.3218872 3.1055878 0.23027456 0.76859984 -0.30486593 0.2929548 -0.46754748 2.0241396 -0.41677499 0.60410265 0.58823426 2.6674091 1.9842701 0.59476594 0.99716878 3.142159 1.0896232 1.8333029 3.1296323 1.0316524 1.4707503 1.7355294 0.70708248 0.43922814 5.2004304 2
"12" 2.9937926 2.165433 2.339915 3.2580513 2.520477 1.7859136 3.1369841 1.819057 0.040181235 0.81182792 0.16330872 0.47684436 -0.49119031 1.2297653 -0.78871137 0.26995325 1.4939607 0.74335822 2.5481075 1.0809218 2.338279 2.3846556 1.7627355 1.9665925 1.8088273 1.855501 2.4933109 2.5348264 0.99945257 0.62597059 2.7548803 2
"13" 0.22882253 1.4336278 0.68482128 2.0567219 1.3444204 0.51021767 -0.32697331 0.46698906 1.0433072 -0.54042565 1.4144926 1.1038817 -0.87992282 -0.61337237 0.64810607 -0.02942051 0.41765715 -0.70960442 1.8582584 0.29752069 2.0207212 3.3233162 0.68251495 1.0069907 1.706471 0.45818164 0.54752835 1.5030719 0.68392745 0.20979968 2.5625889 2
"14" -1.0918071 -1.1873282 -1.5254106 -1.1481835 -1.4837844 -1.8475231 -0.67835727 -0.72813959 0.1012557 -1.3173545 -0.2568365 -0.4521307 -0.69285547 -0.61337237 0.94573634 -0.33254166 -1.2713105 -1.2515478 -1.1880905 -1.1144061 -0.95109669 -0.90082461 -1.5030337 -1.5505118 -1.3526566 -1.4347964 -1.3512372 -1.2532051 -1.1252764 -1.0992208 -0.92709852 3
"15" -1.0702419 -1.0962526 -1.370602 -1.1320157 -1.4360914 -1.7697495 -0.67160615 -0.72292141 -0.35598528 -0.7453591 -0.048039312 0.065625643 -0.7676824 0.48029556 -0.19031846 0.54044718 -1.1178255 -1.2245967 -1.2324079 -1.1316375 -0.98953461 -0.91944611 -1.4082439 -1.506589 -1.3819492 -1.3920941 -1.3267322 -1.248024 -1.0147262 -1.1367868 -0.82084859 3
"16" -1.0326561 -1.090661 -1.3591951 -1.0707832 -1.326344 -1.7065911 -0.65895558 -0.71847819 0.033823449 -0.65835975 -0.095390058 0.047743749 0.71955438 -0.28715445 -0.81731367 -0.26312525 -1.058376 -1.113403 -1.1649689 -0.96296338 -0.95253467 -0.90184554 -1.2532064 -1.4198454 -1.2609068 -1.3460856 -1.3230335 -1.2281478 -0.99553953 -1.1945324 -0.93279318 3
"17" -0.88997105 -0.84356147 -0.99308636 -0.96700474 -1.1783612 -1.4320346 -0.61219751 -0.69980459 -0.56995222 0.65223805 -0.34232499 0.20750311 -0.65334521 1.5274324 -0.65562562 0.56741721 -0.94484735 -1.1040747 -1.0556198 -0.81309073 -0.83327661 -0.85995924 -1.1375791 -1.3508904 -1.2336746 -1.1780068 -1.1935121 -1.2210566 -0.95673984 -0.95452819 -0.85612392 3
"18" -0.77332391 -0.85290268 -1.0349118 -0.9713452 -1.1789011 -1.4231611 -0.55536189 -0.69926911 -0.80824703 1.0334813 -0.33468278 0.20692015 -0.43013541 1.8797952 -1.0211802 0.16055199 -0.94570678 -1.0967526 -0.98222112 -0.78616886 -0.84075392 -0.80416575 -1.156862 -1.3039468 -1.2169656 -1.1292342 -1.1872612 -1.1369804 -1.0901593 -0.8568393 -0.97330074 3
"19" -0.7448955 -0.38879405 -0.1332198 -0.66786336 -0.55428564 -0.20331603 -0.52475704 -0.39605517 -0.92713734 0.72188 -0.062105132 0.72353491 -0.93067033 1.0527041 -0.22400605 1.0341115 -0.40503712 -0.33033081 -0.79455441 -0.59073264 -0.81981665 -0.68589362 -0.74347191 -0.5901918 -0.59829 -0.54564506 -0.45709145 -0.37980039 -0.51882595 -0.47186186 -0.40162869 4
"20" -0.8322969 -0.46346852 -0.53300615 -0.72263231 -0.64131951 -0.6339417 -0.55927813 -0.45924039 -0.69546543 0.77983647 -0.26723262 0.14568644 -1.033299 -0.61337237 1.6539651 1.620641 -0.96563142 -0.70264567 -0.66969944 -0.48501055 -0.47790486 -0.3434184 -0.77408608 -0.70971055 -0.73142559 -0.88062295 -0.68915715 -0.49418427 -0.75821353 -0.87874084 -0.38492633 4
"21" -0.76081149 -0.42654649 -0.61557072 -0.74251857 -0.86146413 -1.0243756 -0.46333307 -0.53802172 -0.2346454 0.11823952 -0.51404411 -0.65654302 -0.027569247 1.2837519 -0.13385774 0.86611039 -0.33106223 -0.90092294 -0.85380945 -0.19507547 -0.55115677 -0.47666577 -0.77008011 -0.75622103 -0.80501594 -0.69746451 -0.84024273 -0.9146782 -0.80165059 -0.73968978 -0.77444186 4
"22" -0.68116273 -0.84247683 -1.0495779 -0.58267365 -0.81473216 -0.7064956 -0.65011065 -0.55126884 -0.51663111 0.49460002 -0.57190326 -0.27688731 0.10886173 -2.5737655 0.27606819 -0.46894617 -0.76468989 -0.80004006 -0.93462642 -0.85155954 -0.77393277 -0.81830768 -0.92903681 -0.75277158 -0.76020043 -0.8384149 -0.70828594 -0.68870987 -0.84530579 -0.72094214 -0.69780016 4
"23" -0.55579654 -0.47738563 -0.2912875 -0.69418107 -1.0045395 -1.1131106 -0.56929653 -0.71859275 -1.0872751 1.2347042 -0.42155448 0.12300762 -0.5681439 1.6058538 -0.6622695 0.82025132 -0.77772722 -1.0236776 -0.76531136 -0.8274344 -0.78563617 -0.63695791 -1.3208272 -1.1938099 -1.1611084 -1.16331 -1.1498113 -1.0228557 -1.2182527 -0.48149201 -0.77197316 4
"24" 0.95287773 1.7416169 1.0460413 1.154108 1.3511701 0.54257984 0.15993331 -0.045808574 0.20150556 0.86309348 -0.42335694 0.095615769 0.036629092 1.8179976 -0.84524641 0.08188596 0.062124176 0.04286559 0.042611889 0.24758552 1.3981135 1.4235627 0.997088 0.89497203 0.62242893 0.25397966 0.4487815 0.49337649 1.9973742 1.5536554 0.83652558 5
"25" 1.1343405 0.75177501 0.84995042 1.1130678 0.68378238 0.35414848 0.45699847 0.30435368 0.6231281 -0.41281963 -0.56275724 -0.34003409 1.9127254 -0.82530725 -0.1257327 0.11023173 2.1437354 1.2050686 0.30112105 -0.049269875 1.071284 0.33085668 0.87637414 0.9397344 0.90870991 0.23684943 0.85972946 0.22092429 -0.034219084 0.60984811 -0.10128584 5
"26" 1.6923718 -0.22785325 0.96564946 1.2006938 0.86559125 0.63340271 -0.56716331 -0.35363535 -0.66486009 1.6988553 -0.60545671 -0.32502513 -0.47906421 -2.3820385 0.41000182 -0.2112932 -0.0057303009 0.089592849 -0.39620172 1.226803 0.23166811 1.2705263 0.22984382 0.02587931 -0.044832597 0.22962456 0.77187607 1.1983751 1.1048613 -0.35977753 1.1741735 5
"27" 1.2389555 -0.39744196 0.67124158 0.86893118 0.25185564 0.32178631 -0.42617142 -0.39098573 -0.74666576 1.2678272 -0.52016828 -0.0073804548 -0.18866444 0.80494492 -0.69447113 0.10961104 -0.11834412 -0.49835341 -0.51388305 0.42982024 -0.22283519 -0.48595892 -0.11356299 -0.25312844 -0.24233457 -0.089237384 -0.33955542 -0.11157045 0.28562075 -0.034693183 0.031614343 5
"28" 1.8588382 -0.12469321 0.64516856 1.4280674 -0.43319916 0.17667851 -0.6168062 -0.66842072 -0.57015056 1.4399789 -0.63858437 -0.72001267 -0.70888982 -0.61337237 0.45047952 0.26763817 -0.51998826 -0.9220718 -1.0435839 0.32951696 -0.59708716 0.080387561 -0.86394209 -0.93474596 -1.0577369 -0.48499438 -0.65235285 -0.3329096 -0.39175381 -0.045476054 0.33005969 5
"29" -0.70982539 -0.63907102 -0.11475141 -0.62221889 -0.83892029 -0.51336651 -0.032698595 -0.39196185 -1.1360145 1.3977278 -0.30866763 0.78176867 -0.60045551 1.3283296 -0.48795477 0.92698429 -0.51614781 -0.67267618 -0.79899004 -0.48789759 -0.55973835 -0.50403725 -1.0534092 -1.0855055 -1.0130299 -0.95265056 -0.9995516 -0.82955252 -0.74284048 -0.76509094 -0.39236586 6
"30" -0.74989314 -0.81464126 -0.82143896 -0.67495787 -1.053218 -0.12710833 -0.24019205 -0.43324058 -0.83509081 0.61599817 -0.49156747 0.14264454 -0.11399657 0.7259363 -0.99291703 0.094548795 -0.45052217 -0.68679709 -0.81311751 -0.62104625 -0.48828523 -0.39166667 -0.96427718 -1.1130666 -1.0643653 -0.95179237 -0.89838372 -0.86113464 -0.94645801 -0.83434698 -0.74396593 6
"31" -0.59303324 -0.57302789 0.28394856 -0.66261596 -1.0697576 -0.40323073 -0.22524457 -0.42728153 -1.0752515 0.19390412 -0.21999857 0.72045885 -0.8418561 1.6515238 -0.4473554 1.0524525 -0.27931934 -0.52950625 -0.95101221 -0.54219804 -0.33763752 -0.43278029 -0.74476522 -1.204667 -1.2035057 -0.82503261 -0.9841285 -1.0774605 -0.83458943 -0.89167775 -0.83449135 6
"32" -0.66505153 -0.84150036 -0.75408365 -0.62742277 -1.0301979 -0.72372063 -0.48552366 -0.49491291 -1.0528041 0.80996845 -0.21550187 0.9542778 -0.70391782 1.8631158 -0.77486132 0.78753354 -0.74384799 -0.8997126 -0.89940518 -0.42303253 -0.59496539 -0.62623452 -0.96297179 -1.2029328 -1.1779233 -0.83783976 -1.1087647 -1.092063 -0.68312053 -0.80477944 -0.89096669 6
"33" -0.58073696 -0.77958099 -0.83936416 -0.60472993 -1.0475265 -0.9914915 -0.43587631 -0.48232665 -0.72056351 0.6571195 -0.53943196 0.13293688 -0.35711818 1.4740649 -0.91450825 0.23271464 -0.59587552 -0.7599306 -0.84455275 -0.57808044 -0.4640968 -0.61787107 -0.93359954 -1.1106284 -1.1431365 -1.0317765 -1.015558 -1.0436246 -0.56849108 -0.76352971 -0.87485651 6
"34" -1.0363028 -1.0321022 -1.4303527 -0.96740594 -1.1882562 -1.6705751 -0.667693 -0.71522134 2.1475643 -0.58029294 -0.3849828 -0.88209823 1.7867413 -1.3763362 -0.11753267 -0.44036617 -1.2587387 -1.2904886 -1.160042 -0.9056755 -0.86447715 -0.81832924 -1.0122304 -1.2094787 -1.1910223 -1.0439336 -1.1975554 -1.2447901 -0.77090889 -1.079253 -0.9289956 7
"35" -0.99953961 -0.88370626 -1.3092218 -0.97983768 -1.2467779 -1.5995871 -0.66275113 -0.70685786 0.79016741 -1.2656531 -0.55007108 -0.74641308 -1.0937141 -0.61337237 -1.1972018 -2.3331411 -1.0315729 -0.40429141 -1.0152974 -1.2204886 -1.1017184 -1.0012841 -1.0042151 -1.1271112 -1.0926179 -1.1821744 -1.1319381 -1.0474639 -0.8541775 -1.0456319 -1.0555385 7
"36" -0.42225702 -0.82470892 -1.0115547 -0.85708385 -1.0368445 -1.460221 -0.67335527 -0.7003149 0.67078463 0.0022651137 -0.50386592 -0.85340503 -1.0937141 -0.61337237 -1.1972018 -2.3331411 -1.0394196 -0.93679398 -1.04946 -0.87400434 -0.16739388 -0.71608092 -1.0334932 -0.95487811 -0.98685603 -0.91893289 -1.099755 -1.0118199 -1.0792868 -0.91258673 -0.84284179 7
"37" 1.7464211 0.96885287 1.0460413 0.97003945 1.4253665 0.54257984 -0.43139634 -0.62627672 -0.4892503 1.6222526 -0.11368987 -0.58885269 -0.25191101 -0.61337237 -0.5275336 -1.2237177 -0.036739908 0.87094238 0.066617369 -0.25532658 2.0478449 4.2134226 1.293796 0.29113672 -0.036548221 2.6724844 0.96930094 1.8569476 -1.3158497 -1.3601341 -1.1529153 8
"38" 1.265811 0.78403672 1.1362105 1.5648169 0.80310797 0.62922694 0.54730878 -0.38143693 -0.66274643 1.5160611 -0.53946724 -0.031850723 -0.11890905 1.7593055 -0.81370696 0.035258055 0.47164931 0.45554604 0.20332546 1.9951963 0.72216167 0.26268722 0.24572891 0.24607715 -0.31720834 2.2912455 1.9593631 0.65249032 2.4703436 1.9058719 1.0626879 8
"39" 0.8523212 0.046774995 0.41377048 0.88943529 0.40188323 0.5467556 -0.27142556 -0.26065315 -0.87779818 1.4859329 -0.57423735 0.11703539 -0.77302719 -0.61337237 1.2582482 0.87236483 -0.35536626 0.29695619 0.026418189 0.8621479 -0.38264054 0.34564443 -0.11954631 -0.035785145 -0.1632179 1.3517621 0.35230186 -0.12049544 1.4098586 0.30469562 0.3700648 8
"40" 0.64125225 0.2666976 0.25353003 1.1679784 0.2092799 0.95545852 -0.42994332 0.17346427 -0.70050539 -0.41484854 -0.40754363 0.14628074 -0.21182515 -0.61337237 0.41000182 -0.96909601 0.43227596 0.74360884 -0.2438486 -0.83917958 -0.62975813 0.51825595 0.85333276 0.89403144 0.29539993 1.3119288 1.3307886 0.39180548 0.5687776 -0.089527005 -0.25280722 8
"41" 1.285136 1.8279316 1.8798348 1.5020446 0.58136376 1.3438046 -0.097824007 -0.023121138 -1.1369686 1.5311835 -0.49900118 0.1781622 -1.0669902 -0.61337237 0.41000182 -0.33254166 0.58754886 1.5902899 0.78127501 1.3966232 -0.20430699 0.21295417 0.93095226 0.59942967 0.057518641 0.94404268 0.18030226 0.21453223 1.6747844 2.3878045 0.6061604 8
"42" -1.0722455 -0.49756444 -0.17776122 -1.0533571 -0.80481756 -0.75138507 -0.35383259 -0.50018375 -0.24628242 -1.8649502 3.0096914 2.2984567 -1.0937141 -0.61337237 3.0886744 2.0318031 -0.37583725 -0.85605436 -0.29647378 -1.1478092 -0.9385484 -0.82763684 -0.39518316 -0.64976182 -0.49742987 -1.0070485 -1.1322507 -1.0757317 -1.0573924 -1.0423417 -0.93321887 9
"43" 0.10338309 0.9044617 0.94555151 -0.81594186 -0.29342926 -0.15738262 0.27994859 -0.39983907 -0.25234421 0.082370846 0.92976616 0.90654641 -0.43363359 1.9755158 -0.72962458 0.1054684 0.67221949 0.21616842 0.48038598 0.57039813 0.0053270135 0.253368 -0.28347376 -0.25197472 -0.58717965 0.010344163 -0.36475474 -0.17863376 0.03455785 -0.48533866 -0.62797634 9
"44" -0.7477224 -0.23696536 -0.33419935 -0.76073787 -0.29476409 0.34162119 -0.38535658 -0.43242682 -0.1213599 0.51520341 0.76782673 0.66223104 -0.7463033 -0.61337237 1.0052624 0.83447467 -0.085515175 -0.46744128 -0.60927383 0.19098539 -0.51881307 -0.41390693 -0.18617847 -0.47990671 -0.45778355 -0.20175098 -0.67397972 -0.7735801 -0.26664453 -0.76898176 -0.75311563 9
"45" -0.42921753 -0.16123988 -0.065321306 -0.72134401 -0.59941529 -0.92989898 -0.15265455 -0.55601427 0.017745945 0.72137447 -0.18180425 0.0759061 -0.5508052 1.1490008 -0.44705406 0.39242306 0.22555454 -0.21822706 -0.24592222 -0.70345904 -0.81994738 -0.84296043 -0.39141881 -0.68629103 -0.83384217 -0.49779448 -0.97671186 -0.77539579 -0.045875471 -0.51590087 -0.54806298 9
"46" -0.54720867 -0.7423803 -0.93496525 -0.88599355 -1.0564633 -1.3083276 -0.58761832 -0.64335228 0.13495765 0.00057356272 -0.5378916 -0.90536692 -0.39316595 1.5712339 -0.78245968 0.17374281 -0.93074577 -1.0210857 -0.9157197 -0.36496799 -0.76147856 -0.76965066 -1.012491 -1.1111568 -0.999542 -0.94815929 -1.0752083 -1.1548121 -0.49173944 -0.79646555 -0.96139878 9
"47" -1.0135678 -0.52299153 -0.77798392 -1.0046238 -0.38279013 0.42304859 -0.44179859 -0.49306098 -1.156093 -0.047657859 3.6754271 2.9224061 -0.66051731 -0.61337237 2.3778549 1.7324774 -0.51862441 -0.15076871 -0.75920008 -0.77282897 -0.61924792 -0.42644602 -0.19688417 -0.49241236 -0.48449213 -0.74812891 -0.7078819 -0.78228881 -0.34874056 -0.42350402 -0.53606969 10
"48" -0.63659125 0.249615 -0.02132308 -0.81721852 -0.0633506 0.24192482 -0.073608628 0.088691684 -0.14723658 -0.44878745 1.9807653 1.5602958 1.3247995 -0.61337237 1.4963524 1.0815184 0.50416148 0.013645338 0.55973396 0.39262177 -0.39594148 -0.17748858 0.26418372 0.1991302 0.082382592 -0.15208308 -0.59840354 -0.57286774 -0.084520208 -0.53875136 -0.68726958 10
"49" -0.9309966 -0.29825702 -0.15060182 -0.96688461 -0.50411367 -0.59479391 0.076429853 -0.50169713 -0.58080769 0.4772636 2.7747109 2.1095098 1.3099423 -0.081225508 0.98697646 1.0273317 0.20469511 0.015444075 -0.11543292 -0.60656745 -0.24622211 -0.3851675 -0.40546472 -0.73081447 -0.38677385 -0.54057816 -0.7116437 -0.71007324 -0.5958714 -0.83605532 -0.76337309 10
"50" -0.34462888 0.083284009 0.18345878 -0.51546601 -0.032133388 -0.039417284 0.50863664 -0.13275024 0.087646487 -0.67858477 0.10209689 0.088475355 -0.18510126 0.9124794 -0.64737938 0.39535321 0.3664052 0.68952044 -0.13974544 0.62118699 0.46151511 -0.20311395 0.47717088 0.22701905 0.028275891 -0.33552999 -0.027556813 -0.39169729 0.062480671 -0.13633988 -0.61527608 10
"51" 0.34786135 0.21219202 0.41485686 -6.6999678e-05 0.57192104 0.62505118 -0.0099764574 0.39803536 0.20307706 -0.026804271 -0.31760284 -0.10491952 -0.016740645 1.2663728 -0.61622741 -0.096107167 0.4208517 0.19407082 0.3873869 0.5182569 -0.27116442 0.31615168 1.3155696 0.79812814 0.56001258 1.629738 -0.095869661 0.084057613 0.47166911 -0.32056144 -0.18395725 10
"52" -0.60037733 -0.37959396 -0.63947099 -0.52966568 -0.42666556 0.22939753 -0.4257268 -0.31955015 -0.2928192 0.19735378 -0.41038958 -0.099207466 -0.50578814 1.9308771 0.60930783 1.4071571 -0.6885277 -0.35367877 -0.36709191 -0.6230407 -0.20433203 0.16764776 -0.47418583 -0.58971227 -0.37255557 -0.46656082 -0.38065749 0.28464799 -0.69494979 -0.82219123 -0.50116789 11
"53" 0.32032479 1.0754376 1.3963975 -0.26162427 -0.071713158 0.19129368 -0.084105869 -0.14572469 -0.45251045 0.47412525 -0.49497948 -0.14693886 -0.69285547 -0.61337237 0.47696864 -0.036998533 1.5970325 0.63177964 -0.11881832 1.1176225 0.036734632 0.54246482 -0.1726969 0.083953125 -0.043229374 -0.21801283 0.45360748 0.49563194 -0.57927733 0.15103456 -0.27755965 11
"54" 0.075601845 -0.58309955 -0.31518777 -0.35037194 -0.16197939 -0.061340046 -0.29738374 -0.32290085 -0.46616872 0.6203259 -0.38284787 -0.12171344 0.95333717 -1.8708089 0.26237721 -0.75691123 0.079866446 -0.20231431 0.10535744 -0.9518055 0.31895655 0.5522528 -0.43683826 -0.2417466 -0.047400335 -0.35510914 -0.054458923 -0.19896121 -0.23313251 -0.038514198 -0.51141824 11
"55" -0.18467845 -0.18115179 -0.33963123 -0.32862418 -0.24969194 -0.51806425 -0.25818248 -0.15499361 0.21818045 0.057909186 -0.65282276 -0.88257515 0.34683175 -0.46147325 -0.25045397 -0.3492855 -0.25796042 -0.3050074 -0.14004841 -0.63376306 -0.066681178 0.045659188 -0.18894806 -0.0047195743 -0.11187466 -0.36305284 -0.20598587 -0.064275008 -0.56821234 -0.55910865 -0.35618941 11
"56" -0.54600664 -0.25736653 -0.38797496 -0.40337147 -0.56780278 -0.70806151 -0.25604296 -0.29583015 0.19075833 -0.13284192 -0.66229959 -0.87830465 3.2415717 -1.7795669 -0.18499832 -0.45075888 0.09047607 -0.48847891 -0.46603444 -0.2875165 -0.022449894 -0.46378416 -0.53366834 -0.56768175 -0.30480151 -0.56042205 -0.47386201 -0.61024264 -0.47680548 -0.57029627 -0.56023279 11
"57" -0.77198621 -0.75566213 -0.84533923 -0.74017703 -1.0832917 -1.2169828 -0.58679053 -0.61537157 -0.52213838 0.44987518 -0.61831086 -0.71120966 -0.82118075 0.92028986 -0.54514221 0.78685409 -0.69247791 -0.74759701 -0.79740161 -0.81985309 -0.55795924 -0.56939283 -1.1320608 -1.1060821 -0.93748964 -0.71715578 -0.86394328 -0.81769911 -0.8446762 -0.82880631 -0.51287308 12
"58" -0.73126389 -0.71023336 -0.80785926 -0.75466187 -1.018087 -1.1486046 -0.47122395 -0.62824447 0.010060379 -0.16401521 -0.61181881 -0.83780263 -0.57436209 1.8408031 -0.91193361 0.42553291 -0.82433857 -0.9071713 -0.72462118 -0.60362593 -0.82325593 -0.64391793 -1.0045658 -1.0460115 -0.84382455 -0.90985756 -1.0018088 -0.81394411 -0.73207047 -1.0102402 -0.84931874 12
"59" -0.83220205 -1.0315449 -1.2489279 -0.95891424 -1.2988697 -1.6058508 -0.65506105 -0.70989731 0.11159078 -1.0838061 -0.59404893 -0.93515404 1.6610753 0.31600337 -0.76833302 -0.43174885 -1.0998055 -1.1512567 -0.94166468 -0.64603445 -0.76756073 -0.76160927 -1.2757057 -1.2982161 -1.1477565 -1.0352939 -1.120761 -1.0829465 -1.0513783 -1.1654685 -1.0050701 12
"60" -0.70122088 -1.0249403 -1.2103615 -0.76244449 -1.1689854 -1.4852756 -0.62346658 -0.7146118 0.26796488 -0.047135402 -0.59509798 -1.261776 0.93440776 -0.041733494 -0.83590338 -0.36741499 -0.89599822 -0.89032765 -0.90311219 -0.68504923 -0.89002732 -0.75298577 -0.94682805 -0.98544422 -1.0107009 -0.90796009 -1.0156045 -1.2149894 -0.79295527 -0.89241517 -0.9039245 12
"61" -0.67191686 -1.3015551 -1.3407267 -0.62517268 -0.96171936 -1.0468204 -0.68052633 -0.6977286 -0.50544589 -1.1484621 -0.37197941 -0.48525373 -1.0937141 -0.61337237 3.0886744 2.0318031 -1.174326 -0.74830395 -1.2075637 -1.2204886 -1.1017184 -1.0012841 -0.84666195 -0.8698637 -0.63328484 -1.1970267 -0.95391119 -1.0066931 -0.70565641 -0.73572511 -0.72104678 13
"62" -1.2128961 -1.3015551 -1.6698986 -0.50649089 -1.3164614 -1.4800559 -0.68109484 -0.73086478 0.80904226 -1.356382 0.11214442 -1.615002 -1.0937141 -0.61337237 -1.1972018 -2.3331411 -1.4136641 -1.4672005 -1.4257647 -1.2204886 -1.1017184 -1.0012841 -1.3327324 -1.1560249 -1.20087 -1.1626899 -1.0470432 -1.0889119 -1.3158497 -1.3601341 -1.1529153 13
"63" -1.2128961 -1.3015551 -1.6698986 -0.66936112 -1.2405656 -1.5948894 -0.68109484 -0.73116076 5.3060105 -3.4135978 1.0849486 -4.2010182 -1.0937141 -0.61337237 -1.1972018 -2.3331411 -1.4136641 -1.4672005 -1.4257647 -1.2204886 -1.1017184 -1.0012841 -1.4142672 -1.1322242 -0.82833228 -1.4574721 -0.88010522 -1.0288092 -1.3158497 -1.3601341 -1.1529153 13
"64" -0.7521064 -0.7654569 -0.94311307 -0.20143768 -0.29317154 0.42774633 -0.5065917 -0.27286796 -0.8786441 -0.14847113 -0.31032677 0.4849452 1.1024184 -0.21363021 -0.78583417 -0.28526403 -0.69814892 -0.57171115 -0.64508806 -0.81915365 -0.28068172 -0.33148574 -0.22563725 -0.054018863 -0.15307147 0.14969417 -0.42193845 -0.35141615 -0.07383751 -0.26622285 -0.31147375 14
"65" -0.22626913 -0.47829853 -0.70139442 -0.15042447 -0.025662512 0.18189821 -0.33215611 -0.13653681 -0.20225582 0.20763874 -0.59022419 -0.65733286 -0.14056141 -0.61337237 0.24795867 -0.33961448 -0.2415635 -0.090209842 -0.15215054 -0.11824344 -0.34419439 -0.054715255 0.012633358 0.072655044 -0.18493007 0.77632097 0.15928836 -0.27451981 -0.091706752 -0.5774252 -0.46360217 14
"66" 0.35690633 0.66800111 1.0384366 0.21252153 0.80365031 1.4873465 0.38389196 0.82580001 -0.1150943 -0.28995325 -0.43628878 -0.59013837 1.2546492 -0.079855332 -0.42150282 -0.44469646 1.3463262 1.4005372 1.2313038 0.89390549 0.85580867 0.285873 1.594166 1.1485185 0.83790676 0.59625124 0.78669081 0.74282185 -0.29728945 0.33464571 -0.12105886 14
"67" 0.44135774 0.20675078 0.27851668 0.59064065 1.1591635 3.7166825 0.52871505 1.6386536 -0.10224416 -0.86845761 -0.53269747 -0.59490578 1.0161384 -0.42241319 -0.52545019 -0.56776366 0.82226121 2.5527392 0.16347097 1.1530245 0.24900842 1.2667082 2.0113057 1.5685897 1.4966989 1.2836697 0.9016402 0.67482352 0.39752718 0.76435499 -0.26539441 14
"68" 0.73217426 1.2625949 1.3491402 0.60650462 1.0188973 1.4194903 -0.080244464 1.4112206 0.6987036 -1.404951 -0.64292664 -1.2344178 -0.10158904 1.8128576 -0.23734408 0.48133859 0.67566946 0.68864465 0.45157972 0.96606936 0.072268377 0.96987013 2.1011649 1.6009869 1.3942254 1.3265033 0.47096166 0.72246786 0.52558807 1.2858371 -0.31041873 14
"69" 0.22822736 0.70737431 -0.0093729446 1.9817327 1.7121148 0.5733761 0.13245246 0.31531983 1.4904311 0.25893708 1.2791235 1.3581161 0.50972033 -2.2999676 0.54393545 -0.55988249 2.2810626 1.2486245 2.8524823 -0.46744529 3.5515216 1.7966701 0.82019946 1.4556392 2.1078199 1.5241405 2.1321916 3.4250368 1.3628536 2.1057788 0.4777736 15
"70" 3.7382692 -0.48972118 1.5023192 2.6003822 2.5029317 0.98103507 0.083249101 0.21000329 4.6799543 -1.2155656 1.5158295 1.0697678 1.9928971 -0.61337237 -0.021562084 -0.3780098 2.9737012 3.0598278 0.7749982 0.080302873 -0.15246554 0.09231201 4.4231557 5.3511135 5.4309767 -0.04250701 3.123418 1.2799072 -1.0992646 -1.2192426 1.9809109 15
"71" 0.89531611 0.74856829 0.76195397 1.1918956 0.48728923 0.26958926 -0.62947447 -0.44273186 0.25437926 0.000548714 -0.46547432 -0.4539856 -1.0937141 -0.61337237 -1.1972018 -2.3331411 -0.11925997 -0.42991669 -0.34724144 0.79115882 -0.2019436 -0.80521931 0.58273985 0.17952952 0.18427148 0.96329983 0.3662948 -0.14691649 1.8611838 -0.44588172 0.18427278 15
"72" 0.4468976 1.140651 0.5892202 0.18066504 1.3504065 0.23305132 -0.14269924 0.79229765 2.1679884 -0.022969518 0.23380613 0.51057024 1.7924678 -0.61337237 -0.66146723 -2.1772502 1.7608111 1.4984427 0.9142238 0.27925248 -0.14055215 0.18555217 1.4394462 1.509473 1.0267175 1.3766592 1.7472234 0.56253125 0.8847292 1.3164798 0.44613728 15
"73" 1.4715831 1.1930834 0.87602345 1.0309653 1.3820759 0.37920307 1.9077015 1.204923 1.507261 0.090624169 -0.4514364 -0.26474924 2.3635092 0.16881691 -0.54925078 0.23295642 0.47921168 0.81450515 2.2098699 0.15478102 1.9587686 3.908938 0.65009461 1.1226865 1.3973302 0.58572104 1.6329606 2.5354291 -0.16203442 1.7182337 1.9381496 15
"74" 1.1124596 1.3822476 1.0873236 0.44704422 1.6499658 0.5822496 1.6729512 1.4791049 1.0234943 0.63847548 -0.062666272 0.6996383 0.51726897 1.345008 -0.72704371 0.41009528 0.54854783 0.73631282 1.5124324 1.1035615 0.39454018 1.8543675 1.3103253 1.164452 1.6622828 1.1197901 0.93328432 0.91353775 1.150108 1.3864115 0.95704342 15
"75" 0.31417504 0.97666855 0.98683379 0.33390179 1.1137014 0.48568505 1.0206885 0.98429054 1.714567 -1.0244227 -0.35868792 -0.48364539 0.42954861 -0.61337237 0.41000182 -1.241905 1.3846375 1.2428943 1.6638146 1.2578671 1.38592 1.1054748 1.4035243 1.050196 1.1094832 0.77644091 0.92102433 0.6066988 0.65858015 1.0880929 0.4319576 15
"76" 1.3516372 1.035775 1.0091045 0.7114818 1.0716786 0.50708584 1.2153469 1.2760208 1.4279166 -0.71686104 -0.60723232 -1.0595245 -0.019655977 0.71534395 -0.58333065 0.21417865 0.96549306 1.4772126 1.9874496 1.0504081 0.98093751 1.6806581 1.3757482 1.5051088 1.701017 1.0806769 1.1618059 0.98095308 0.30796223 2.1754162 0.38753285 15
"77" 0.20873666 0.47629683 0.080796258 0.10359036 1.1633446 0.27637488 0.32056687 0.59334598 0.66679086 0.71339778 0.25272762 0.76161181 -0.27863491 -0.61337237 1.049907 0.55863446 0.87110149 1.100648 0.94819548 -0.1169082 1.5399242 -0.039705299 1.130359 0.92169125 1.4152199 1.0315052 0.3343494 0.92464178 0.81368341 1.7129971 0.62202465 15
"78" 1.0279721 2.1776763 0.92925587 0.31534066 1.9794983 0.43035618 0.45970242 0.73020046 2.8016533 0.074176855 0.87740262 1.2430401 2.8347002 -0.61337237 -0.66146723 -2.1967366 1.836642 0.96099177 2.0583591 -0.30431195 -0.25135238 0.9476542 1.4278154 1.8249877 2.9340181 0.83292285 1.6905255 3.5631042 1.3540054 2.5341006 2.2400422 15
"79" -1.2093253 -1.3015551 -1.6677258 -0.53058587 -0.41881607 -0.55825597 -0.67637395 -0.62375549 -0.18913565 0.40126469 -0.25928442 -0.0017621232 -1.0937141 -0.61337237 3.0886744 2.0318031 -1.4025594 -1.1873293 -0.31737453 -1.2204886 -1.1017184 -1.0012841 -0.24211392 -0.71561475 -0.73794528 -0.10016977 -0.46952623 -0.63735317 -0.81779946 -0.79216584 -0.5055819 16
"80" -0.89155874 -0.9164517 -1.1478949 -0.68787234 -0.49781249 -0.60366741 -0.57809739 -0.13108152 0.42396385 -0.80189982 -0.11291442 0.10187986 0.075128802 1.2400341 -0.98523534 0.11829723 -0.9931089 -0.84025465 -0.67928513 -0.48043331 -0.54437128 -0.36744447 -0.33607609 -0.33933904 0.078664694 -0.60194516 -0.53177889 -0.45409872 -0.54246823 -0.89474226 -0.66231062 16
"81" -0.38506098 0.01021589 -0.35212455 -0.1494077 0.6469269 0.60939206 0.62120348 1.2068917 0.16817216 0.41852529 0.28499169 0.55880287 0.90211635 0.176836 -0.34369728 0.00048743327 0.55552618 0.30060203 0.14514956 0.92838048 0.57626245 0.034965397 0.66469986 0.61903514 0.61925659 0.8976505 0.26013948 -0.10309009 0.50474928 0.54208507 0.1337778 16
"82" -0.64779483 -0.18300921 0.017243266 -0.11570076 0.23915104 -0.15111897 0.31323591 0.35038911 0.39054779 0.49448287 -0.16608703 0.26731862 -0.59242057 0.63811145 0.038506228 1.2789802 0.32425768 -0.15669822 0.052501491 -0.46458928 -0.064774472 -0.058793304 0.2076791 0.2529505 0.096698143 -0.037661987 0.12899653 -0.10976548 0.21682682 0.4131983 0.11405204 16
"83" -1.2128961 -1.3015551 -1.6698986 -1.1406391 -0.34304333 0.78947189 -0.68109484 -0.21154335 -0.74401368 -2.7497994 5.5359207 3.5648928 -1.0937141 -0.61337237 3.0886744 2.0318031 -1.0380736 -0.85011389 -1.1531542 -0.59612701 -0.099936422 -0.88411234 0.81069188 0.50245341 -0.089039833 -0.7179668 -0.27466237 -0.57014657 -0.92784009 -0.57243117 -0.85718183 17
"84" -0.68926084 1.0231839 0.56043124 0.16560018 2.3081736 0.81191662 -0.58176729 1.3992574 2.1433387 0.41601697 0.96429806 1.0449263 -1.0937141 -0.61337237 -0.1257327 -1.241905 -0.80961722 -0.95186199 -0.20243264 -1.1552072 -0.16996439 -0.85704297 1.5894639 2.3044694 2.5508641 0.48092233 0.76887462 1.4934957 1.11297 0.63029031 2.0026013 17
"85" 1.3353304 3.292043 1.556638 0.42543409 2.1865701 1.0332321 1.6304428 0.56500442 0.34062339 1.2413533 0.26144576 0.83797198 1.177818 -0.61337237 0.11237155 -0.78072789 3.8653482 1.8153754 1.0112518 -0.10182265 4.9830708 1.7567794 0.91927835 1.2436668 0.84725232 1.0656881 1.7527181 1.681349 -0.39960207 1.4419917 1.8839374 17
"86" 2.995613 4.7582395 3.2714824 2.2096591 3.4584573 2.681093 2.2579055 3.0329856 0.43560141 0.57761026 -0.36302561 0.059739777 0.91057893 -0.61337237 1.8832718 1.1224398 5.2658467 3.6904376 1.2119452 3.5695468 2.618606 1.9328309 4.8468159 2.6040807 2.2855888 5.4036514 2.0407912 0.26527604 3.8503698 5.1281769 1.378914 17
"87" 2.7856109 -0.66156581 1.2486504 2.0209647 1.0760625 1.7144036 -0.35299285 0.98246161 -0.27452503 -0.068488246 -0.57456008 -0.64861265 0.53644422 -0.61337237 -0.021562084 -0.76903608 0.65166345 2.3265314 0.73237484 4.5617857 1.3474816 1.584998 2.043391 2.064096 1.9046505 1.8410969 2.2628422 1.8109081 1.2771364 2.8600838 0.96794949 17
"88" 0.82132363 1.434609 1.5126397 0.95270631 1.0753198 0.99095251 -0.24515409 0.18545614 0.056675544 -0.057417509 -0.59421749 -0.73511545 -1.0937141 -0.61337237 -0.1257327 -1.241905 0.24668442 0.33915157 1.3292032 0.56149971 -0.23235428 0.99294567 0.45061711 0.66583547 0.66060861 1.7898931 2.1362674 1.4993871 0.3825777 1.3473145 0.71632555 17
"89" 1.2420427 -1.3015551 -0.17613165 2.5699803 0.42311549 1.4946541 -0.67594558 -0.68076881 -0.10977879 0.75992947 -0.36469329 -1.3045513 -1.0937141 -0.61337237 3.0886744 2.0318031 0.46161758 0.22048146 -1.3420819 -1.2204886 -1.1017184 -1.0012841 -0.59754953 -0.39380401 0.21129425 0.23329923 0.56836811 0.76953014 -0.73391979 1.878085 2.3924958 17
"90" -0.97010739 -0.60174612 -0.73344251 -0.24208429 0.20423393 0.30142946 -0.20014138 -0.23922408 -0.44753427 0.75491117 -0.26525135 0.28731161 0.58157885 -0.30713863 0.63923727 0.96673152 -0.097859476 -0.33135626 -0.50380347 0.4271816 0.18957246 0.86770831 -0.12795944 -0.012698148 0.21437662 0.052521627 0.0079310496 -0.02196989 0.11617729 -0.074036777 -0.50046142 18
"91" -0.34482162 -0.26340637 -0.52268558 0.15417624 0.33799033 0.62452921 -0.4406696 0.09226598 -0.55020085 0.70752512 -0.52086505 -0.2340377 0.089264199 0.99040918 -0.48844482 -0.22948048 -0.66304525 -0.25672267 -0.32623777 0.35300247 0.26224627 -0.39621468 0.30530148 0.026442591 -0.06438084 0.33718712 0.12929511 -0.11243252 0.62237541 -0.27568491 -0.098341272 18
"92" -0.32003762 -0.37592264 -0.35592687 -0.21474409 0.17595058 0.40425765 0.10092521 0.36215845 0.053931753 -0.60059999 -0.43746225 -0.29780234 0.62332083 -0.090056706 -1.0448689 -0.43259744 -0.044988338 -0.17334223 -0.51030244 -0.063420453 0.15262249 -0.3062418 0.57995649 0.69438905 0.44494187 0.082580879 -0.27523197 -0.30827201 -0.19772203 -0.1795928 -0.14784792 18
"93" -0.058771331 -0.060254996 -0.12452879 -0.03416773 -0.056785028 -0.022714228 -0.17273545 -0.13373609 -0.31903387 0.37298913 -0.61086347 -0.64311754 0.58078162 0.33861013 -0.71734301 -0.56070917 0.033844121 0.36786325 0.37544995 0.2011622 0.12541715 -0.077332627 0.051929039 -0.11349286 0.18894198 0.21340737 -0.023274183 0.04345626 -0.040726398 0.29445338 -0.39879805 18
"94" 0.09743259 0.24438483 1.0433253 -0.21141111 0.11126239 0.2972537 1.4419084 0.30867983 0.023016776 0.10745385 -0.41267143 -0.25008425 0.25407724 0.17716606 -0.88905167 0.11496591 0.5206749 0.95885097 0.76547374 0.36553852 0.044301132 -0.19569096 0.18550904 0.47718874 0.48780098 0.10699612 0.14646492 0.12525483 0.14605904 0.073316848 -0.10369597 18
"95" -0.37510783 -0.098584692 -0.0093729446 -0.094236975 -0.32284265 -0.22889258 -0.39981929 -0.34592167 -0.27879511 0.091525949 -0.64348206 -0.86445663 -0.47779166 0.40549046 -0.51027913 0.27312325 -0.4510158 -0.24880926 -0.32369184 0.12362065 0.24428308 -0.15543418 -0.18839605 -0.2519415 -0.41011715 -0.37006028 -0.17389538 -0.099159504 -0.15538984 0.24061302 -0.22341826 18
"96" -0.37591466 -0.60908207 -0.73126976 -0.12811501 0.044688623 0.44497135 -0.50130541 0.15000183 0.017546745 -0.47995053 -0.47840757 -0.21677367 2.1679386 -0.32057246 -0.47425776 -0.43911038 -0.46836747 -0.42122227 -0.098933363 -1.0984468 -0.79776772 0.58456761 0.28395669 0.30402243 0.53980418 -0.60067442 -0.46262971 0.059384394 -0.1063158 -0.55716057 -0.14787363 18
"97" -1.2128961 -1.3015551 -1.6698986 -1.0940581 -1.1494737 -1.654916 -0.68109484 -0.6966467 5.1825263 -3.2747518 1.8988365 0.59714763 -1.0937141 -0.61337237 -1.1972018 -2.3331411 -1.4136641 -1.4672005 -1.4257647 -1.2204886 -1.1017184 -1.0012841 -0.55899765 -0.016693184 -0.53454877 -0.88778685 0.038624867 -0.85242391 -0.27209477 0.092453661 -0.33465417 19
"98" -1.2128961 -1.3015551 -1.6698986 -1.0634784 -0.59378865 0.049839674 -0.68109484 -0.59976276 -1.1983046 -1.3393656 3.809297 2.7063488 -1.0937141 -0.61337237 3.0886744 2.0318031 -0.7414024 -0.83098191 -1.0673766 0.94850649 0.92371209 -0.75948097 -0.14591348 -0.1098522 -0.33690554 0.20401024 -0.52685259 -0.48859981 0.98444818 -0.52807299 -0.52307195 19
"99" 0.5078191 0.81541014 0.91458979 0.93593093 1.8437326 2.1413755 0.70935533 1.2137144 0.25723242 0.016678193 -0.52899085 -0.77572578 -0.14005238 1.0969652 -0.44498677 -0.17405259 0.81877789 1.8455962 2.4957629 -0.69382689 1.2099693 0.51487251 2.8144638 2.5861052 1.6698524 1.8381245 1.3953021 1.2854505 1.1194043 -0.2628371 1.58962 19
"100" 0.36808451 0.15006077 0.82333421 1.9922539 0.86299862 1.3636395 0.88012795 0.11764856 0.15782879 -0.5494141 -0.62702895 -0.95900471 -0.46431402 0.90722873 -0.81301516 0.14504635 0.6179882 0.9051274 0.74198602 0.19464458 -0.2303806 1.5062738 1.2920843 0.71967896 0.62980207 0.65195807 0.48974429 1.5276548 0.45726268 0.88934116 2.9769676 19
"101" 1.4778444 1.1803265 1.0259433 2.4150549 0.94135911 1.7582492 0.10500826 -0.22935883 -0.53043315 -0.14895612 -0.45151562 -0.71152 -0.13165343 -0.61337237 0.81180271 -0.22341805 2.9784511 0.62534445 0.79398001 1.3853806 2.7512579 0.77729501 2.0204634 1.3763946 1.1809108 0.26761342 1.5424145 2.0188375 1.517596 1.5271985 2.227388 19
"102" 0.17815759 -0.033370721 0.73262182 -0.12330533 -0.2330318 -0.12971818 0.70559723 0.11824187 -0.32388297 0.35141658 -0.62675835 -0.66080325 -0.03265704 0.26623869 -0.96620711 -0.066002365 0.25392022 0.11048595 0.55049447 -0.18405333 -0.012410271 0.28598977 0.059503878 -0.17132609 -0.20087019 -0.31849729 -0.38803484 -0.39288628 -0.27180385 -0.33271009 -0.38435963 20
"103" 0.15603136 -0.17285173 0.11175797 -0.10933632 -0.74535876 -0.69814407 0.16980223 -0.44848795 0.22242088 -1.5434016 -0.63461796 -1.3106262 -0.084566144 1.0302695 -0.98027549 -0.029858925 -0.011021722 0.22065794 -0.17593273 0.58199623 -0.21971775 -0.20234018 -0.27778835 -0.2862052 -0.37648716 -0.61872083 -0.44260972 -0.76136417 -0.14599392 -0.28272676 -0.61800105 20
"104" -0.29281476 -0.82292407 -0.95452001 -0.1115334 -1.0648232 -1.0734409 -0.66724164 -0.7061618 0.98185358 -2.5417255 -0.53803122 -1.8781221 -0.77302719 -0.61337237 -0.66146723 -1.9693957 -0.82572489 -0.41929196 -0.46842404 -1.2204886 -1.1017184 -1.0012841 -0.982797 -0.84135203 -0.77153594 -0.79077315 -1.29983 -0.93085668 -0.31604189 -1.2014471 0.023732204 20
"105" -0.42014614 0.80152632 0.99389524 -0.76997526 0.32626268 0.75136804 0.80695633 0.31020907 -0.068654899 -1.2207658 2.3544321 1.6597611 0.48984871 1.1788921 -0.33162225 0.46176199 0.35675011 0.90596819 1.308901 0.41539058 0.64158133 1.5207142 0.13421564 0.81315217 1.2455558 -0.10678245 -0.062660792 -0.0088588067 -0.69269695 -0.32661893 -0.16808456 20
"106" -0.22096557 0.49580659 0.5577153 -0.49493573 0.067631384 0.63549059 0.60175996 0.97898975 -0.31250428 -0.56893771 0.11510383 0.54959503 1.3529232 0.51050912 -0.37241895 0.21423111 -0.08616433 0.68643155 1.5650336 0.49513046 0.36134217 0.37158675 0.16915975 0.61468771 0.54657247 -0.02015897 -0.1674264 -0.34054462 -0.37976746 -0.47157516 -0.014261992 20
"107" 0.42477128 1.7008875 1.6169318 -0.28195027 0.060248312 0.77485672 0.64278032 0.67915869 -0.65117431 0.50810213 -0.28949173 0.29693993 -0.61039312 0.10995427 0.18871067 0.48848357 2.9340162 0.84924795 0.49689038 0.036625882 -0.34698964 -0.13332504 0.082311215 -0.043991343 -0.12980766 0.30056422 -0.0029521361 0.030135065 0.55170491 -0.19076278 -0.46270866 20
"108" 0.30438045 -0.039060716 0.82279103 -0.33586014 -0.48556616 -0.29622678 0.73958159 -0.064983597 -0.10146668 -0.099229594 -0.62134155 -0.81738873 -0.18133639 0.57207695 -0.95437813 0.12365765 0.61802771 0.089188677 0.15931259 0.52682274 0.0066982075 0.20768699 -0.31055519 -0.47152329 -0.38146788 -0.45673342 -0.44977431 -0.33560906 0.032273089 -0.61083472 -0.78081246 20
"109" -0.31821436 0.07470267 0.2459254 -0.53441049 0.072605312 0.36615381 -0.26822216 0.09470803 0.22823559 -0.81693056 0.49266233 0.61065147 0.4562725 -0.61337237 -0.55729661 -1.1630935 0.2987122 0.54459842 0.29960819 0.056609526 -0.43909005 -0.077964025 0.18287137 0.59007959 0.48673488 0.060908754 0.074655402 -0.4533355 -0.4772965 -0.41193223 -0.45138328 21
"110" -0.52175447 -0.13791382 -0.21850031 -0.51793457 -0.084318419 0.45071303 -0.17013817 -0.16697816 -0.59171249 -0.38388279 -0.047615871 0.27879915 -0.52869432 -0.61337237 1.0988034 0.69807016 -0.037340701 -0.050981022 0.63062728 0.27449365 -0.38002592 -0.60419466 0.16862654 0.063197322 -0.080989014 0.0340176 0.00070743061 -0.38927769 -0.18781759 -0.1408858 -0.40191169 21
"111" -0.78238084 -0.56520002 -0.67858052 -0.81864972 -0.79050577 -1.0212438 -0.47043285 -0.51886925 0.36713919 -0.53241898 -0.34985973 -0.55704733 0.13116056 0.52931163 -0.78725543 0.050630996 -0.46341335 -0.40858419 -0.50739998 -0.29773663 -0.4408623 -0.44553306 -0.67756613 -0.64519353 -0.62124825 -0.70460129 -0.79031735 -0.9180895 -0.60430106 -0.74136115 -0.72290214 21
"112" -0.98659539 -0.85916414 -1.1745111 -0.79651359 -0.79894671 -0.95182174 -0.59579152 -0.51126561 0.34826851 -0.68647861 -0.30390969 -0.13531262 -0.50979672 -0.61337237 -0.60819139 -0.7235679 -0.67239748 -0.76640914 -0.72353709 -0.43685116 -1.0192922 -0.33563047 -0.57350002 -0.79410386 -0.53258319 -0.69014937 -0.80391317 -0.80013078 -0.73545234 -0.70888812 -0.75486763 21
"113" -0.82389989 -0.57122072 -0.74810858 -0.58660519 -0.20586534 0.36197804 -0.21827518 -0.31300708 -0.79466532 0.16002746 0.13565987 0.59565236 0.059422489 -1.0343125 0.39259045 0.47159538 -0.6047905 0.2663288 -0.012957718 0.41556282 -0.8562025 -0.39730492 0.07777628 -0.031478984 -0.40052914 -0.46323965 -0.40649267 -0.36153514 -0.56071834 -0.52253385 -0.41935494 21
"114" -0.70043382 -0.82385114 -1.0034069 -0.64775064 -0.63011795 -0.15842656 -0.51646912 -0.49938056 -0.61411017 -1.3233551 -0.23974892 -0.1356662 -0.51075115 0.70749725 -0.30782776 0.50407266 -0.49864599 -0.54274385 -0.64689832 -0.68852957 -0.2100542 -0.41427475 -0.17429761 -0.29660383 -0.63505071 -0.63081083 -0.41707233 -0.73528189 -0.76765087 -0.82222703 -0.61883049 21
"115" -0.59004837 -0.48694203 -0.63240955 -0.39327534 -0.57822903 -0.48987784 -0.5268531 -0.53941066 -0.042693843 -0.031387908 -0.64987277 -1.0035541 0.1256249 1.561637 -0.5378236 0.46117905 -0.42830858 -0.44525719 -0.41944796 -0.16745747 -0.43608922 -0.31536292 -0.44543624 -0.59495103 -0.62624793 -0.44685343 -0.69414734 -0.59596954 -0.64901009 -0.43282368 -0.47737189 21
"116" -0.8315758 -0.85695699 -0.74702221 -0.85783584 -1.1386835 -1.4398642 -0.61505828 -0.70622789 0.094079822 0.042666591 -0.54409861 -1.107492 -0.689876 0.037835599 -0.67182135 0.36463622 -0.84606805 -0.52010511 -0.9577282 -0.59806081 -0.33939025 -0.67989686 -0.74424574 -0.91377313 -1.0693915 -0.61983914 -0.65664364 -0.9635699 -0.52878006 0.023062931 -0.47211256 21
"117" -1.2128961 -1.3015551 -1.6698986 -0.1728843 -0.75521114 -0.54677262 -0.68109484 -0.60196567 -0.38778041 -0.92198098 -0.48210647 -0.73338432 -1.0937141 -0.61337237 -1.1972018 -2.3331411 -1.4136641 -1.4672005 -1.4257647 -1.2204886 -1.1017184 -1.0012841 -0.52965903 -0.40121151 -0.43357986 -0.32303793 -0.8616185 -0.75605152 -0.62892594 -0.8293651 -0.42214166 22
"118" -0.19959475 -0.37281133 -0.58841132 -0.15403722 -0.6103011 -0.42410955 -0.59429547 -0.51554669 -0.18471774 -0.5255367 -0.55640375 -0.73821053 0.99075065 -0.61337237 1.2136036 0.73596032 0.08228283 -0.8088513 -0.88500937 0.97457614 -0.91076202 -0.62728216 -0.48100285 -0.45392633 -0.4857181 -0.15381361 -0.46664767 -0.49607034 -0.62721002 -0.72417897 -0.57961475 22
"119" -0.28037643 -0.63682535 -0.86326443 -0.48230253 -0.64371108 -0.50031725 -0.64516676 -0.54710823 0.04718916 0.073319447 -0.59918969 -0.86760846 1.7924678 -0.61337237 0.41000182 -1.0860141 -0.043533134 -0.81231426 -0.20362296 -1.2204886 -1.1017184 -1.0012841 -0.43732022 -0.66200847 -0.47091404 -0.71447444 -0.59604426 -0.63571383 -0.67830047 -0.34210114 -0.6361294 22
"120" -0.18309711 -0.19156951 -0.091394328 -0.4633261 -0.61768585 -0.55982189 -0.53817343 -0.5787141 -0.54908864 0.44601019 -0.48649543 -0.39128926 1.4651 -1.53728 0.086328892 -0.4724104 -0.40164714 -0.57425784 -0.49457294 -0.26741511 -0.19490316 -0.26560191 -0.35213146 -0.85784671 -0.71887294 -0.42212222 -0.62184846 -0.45659423 -0.21187855 -0.56224972 -0.28863043 22
"121" -0.52965214 -0.77792917 -0.78667493 -0.72834142 -0.95950526 -1.1026712 -0.60747547 -0.6368641 -0.025252121 -1.2889142 -0.55010477 -0.77507224 -1.0135424 -0.61337237 -0.66146723 -1.787523 -0.60666203 -0.56129295 -0.39397936 -0.56214683 -0.69105155 -0.68877005 -0.68764018 -0.77024397 -0.61907226 -0.95075854 -0.83381072 -0.79734201 -0.50384176 -0.79040916 -0.78130034 22
"122" -0.31236277 -0.71470505 -0.81437752 -0.73312271 -0.82215459 -1.0932758 -0.57598535 -0.64076837 -0.018896636 0.26306012 -0.43245081 -0.43777096 -0.45234031 -0.61337237 0.44348523 0.0084696067 -0.34846213 -0.40806114 -0.40816841 -0.58412925 -0.74017206 -0.75458525 -0.72776358 -0.77948046 -0.65643951 -0.82820199 -0.92352694 -1.0415109 -0.65375352 -0.58948662 -0.92483418 22
"123" -0.36544006 -0.62719194 -0.56777018 -0.67581573 -0.81395362 -0.95495357 -0.56736432 -0.62218707 -0.2510327 -0.29104159 -0.51607892 -0.53529024 0.3173082 0.80223046 -0.10400571 0.29006914 -0.399951 -0.74985001 -0.52057235 -0.51731852 -0.52026262 -0.25818515 -0.73576765 -0.6212764 -0.65503226 -0.90724943 -0.85008911 -1.0484765 -0.35348743 -0.31798364 -0.87581042 22
"124" -0.84763881 -0.41574365 -0.73126976 -0.58975829 -0.24871972 -0.32963289 -0.38458917 -0.24305898 0.084929343 0.36054151 0.0074032953 0.22640325 2.5340563 -0.61337237 0.84528612 0.58818876 -0.086359896 -0.28109859 -0.0020217952 -0.17052568 -0.089288632 -0.64825005 -0.3597297 -0.29251776 -0.21487672 -0.46004775 -0.69825878 -0.35387502 -0.72915962 -0.32476322 -0.086841163 23
"125" -0.90140818 -0.49461563 -0.59873189 -0.5691232 -0.21570859 -0.17982735 -0.41560066 -0.18420099 -0.70733798 0.73374558 -0.11577967 0.79154108 -0.071654778 0.8601825 0.63421893 0.98255134 -0.53376253 -0.65875357 -0.29724261 -0.50618193 -0.24389619 -0.31621153 -0.63791935 -0.2589869 -0.24630752 -0.63118776 -0.41609855 -0.053762679 -0.46015234 -0.27537103 -0.074759455 23
"126" -0.36661174 -0.56398363 -0.64707562 -0.31614754 -0.096557641 0.044619969 -0.46706764 -0.36902908 -0.82309638 1.224965 -0.37478545 0.50905302 -0.35880663 -0.61337237 0.7043582 0.96330115 -0.86211925 -0.27440132 0.41649711 0.15698649 -0.36217195 -0.38788026 -0.68981221 -0.41763502 -0.19910476 -0.48996169 -0.085328787 -0.0014724759 0.057625404 -0.24759552 0.097479587 23
"127" -0.44172649 -0.70803975 -0.86978269 -0.26798399 -0.20458414 0.20747477 -0.6353195 -0.37545681 -0.81576416 1.0319036 -0.22192454 0.47332664 -0.11829147 -2.0044443 0.24630518 -0.02942051 -0.86174442 -0.80079141 -0.75632109 -0.45921048 0.060320109 -0.33391507 -0.58535345 -0.33238443 -0.26628202 -0.34594837 -0.43583096 -0.15272977 -0.24986048 -0.22087807 -0.48635897 23
"128" -0.17378745 -0.33050534 -0.41133204 -0.021523847 -0.35132488 0.1343989 -0.65455092 -0.47645648 -1.0424076 1.069816 -0.41806926 0.24963962 -1.0937141 -0.61337237 0.94573634 -0.15066897 -0.94711283 -0.96228081 -0.85691839 -0.7813478 -0.43374568 -0.73380683 -0.85540243 -0.76437574 -0.42875798 -0.59979664 -0.38545604 0.23810121 -0.071301429 0.41863261 0.1433122 23
"129" -0.049188142 -0.27524455 0.056895988 -0.017629854 -0.54699481 -0.51754227 -0.5176193 -0.62648934 -0.82891671 1.3308824 -0.59954525 -0.29779845 -0.8203381 1.7518005 -0.60359059 0.76239717 -0.81930733 -0.72912082 -0.7390548 -0.74040434 -0.14697322 -0.36928653 -0.98738442 -0.90007684 -0.72295214 -0.97534995 -0.88463637 -0.69001364 -0.63076984 0.13976789 0.08144038 23
"130" 0.55147166 0.30552134 0.094375958 -0.26068025 -0.53622492 -0.65847431 -0.64796531 -0.68622382 -0.78821208 1.0524261 -0.3805315 -0.28426953 -0.77302719 -0.61337237 0.14213456 -0.87815969 -1.0191518 -0.53075366 -0.34272525 -0.81903067 -0.6641357 -0.77527281 -1.0565078 -0.82374944 -0.75302689 -0.87996104 -0.73064291 -0.6750694 -0.29146764 0.66109748 -0.064164604 23
"131" -1.2128961 -1.3015551 -1.6698986 -1.2217995 -1.5599063 -1.9174672 -0.68109484 -0.72931147 -0.24672715 -3.6050014 5.325635 3.3854902 -1.0937141 -0.61337237 3.0886744 2.0318031 -1.3571707 -1.2976266 -1.27228 -1.2204886 -1.1017184 -1.0012841 -1.009707 -0.052624746 -0.76085701 -1.0963054 -0.8488483 -0.25980317 -0.51541095 -0.87349901 -0.14127563 24
"132" -1.1755141 -1.1241345 -1.4879306 -0.89477125 -0.32773607 -0.21218952 -0.67079438 -0.57893768 -0.97432956 0.75441908 2.4147011 2.066752 -1.0937141 -0.61337237 2.0172054 0.94056708 -0.8879864 -1.1102119 -1.0502503 -0.21946583 -0.61139401 -0.74419598 -0.62462807 -0.37641908 -0.42319436 -0.47041609 -0.42569058 0.069132263 -0.6779137 -0.60928564 -0.31489849 24
"133" -1.0877074 -0.81759022 -1.0153571 -1.0486209 -0.86199155 -0.66630387 -0.64068056 -0.65914479 -1.3175906 0.74349674 3.0004195 2.6000113 -1.0168828 -1.0625574 1.4396166 1.5089192 -0.93005336 -0.69335612 -0.84829835 -0.97041594 -0.97660615 -0.91992111 -1.2314289 -1.1032645 -0.65011788 -1.1621972 -1.0646106 -0.62053157 -0.94861322 -0.98183096 -0.70409037 24
"134" -0.60346048 -0.36875778 -0.44718245 -0.90841644 -0.73818011 -0.49666345 -0.46023558 -0.18556482 -0.29604999 -1.4066319 1.0342728 1.166137 0.52308229 -0.61337237 0.52905395 0.106984 -0.37785057 -0.79267052 -0.24288886 0.12255484 -0.61971939 -0.55298402 -0.48429067 -0.25267932 -0.26559744 -0.87487938 -0.89803823 -0.59254575 -0.71722315 -0.75711483 -0.83573239 24
"135" -1.0614468 -0.9861498 -1.3374675 -0.96327696 -0.97737261 -0.62663411 -0.51913325 -0.52270642 0.026175016 -0.04472178 0.13058144 0.21505742 3.2394458 -0.54440443 -0.15049753 0.15596758 -0.81083066 0.014943173 -0.51920036 -0.33361722 -0.70057003 -0.68610641 -0.90938458 -0.81023816 -0.69963606 -0.91835947 -0.93245402 -0.8134494 -0.85513648 -0.7519166 -0.66971716 24
"136" -0.55229439 0.56543947 0.84506173 -0.89822866 -0.90807751 -1.0332491 -0.057086563 -0.47156581 -0.19722197 0.29473698 0.12219265 0.37236919 -0.75298426 -0.61337237 2.2181058 1.6771514 0.54487798 -0.35582697 0.16448144 -1.0185834 -0.66949664 -0.74942975 -0.69788527 -0.63310953 -0.52341583 -0.60379432 -0.57408197 -0.78331238 -0.67619835 -0.56026103 -0.54840204 24
"137" -0.49516126 -0.3238762 -0.57537481 -0.74349664 -0.5973737 -0.28683131 -0.46244662 -0.44358482 -0.2988491 0.1501868 0.25784162 0.58687809 -0.11962767 -0.61337237 -0.45654877 -0.35722437 0.19504028 -0.72253791 -0.0061654072 -0.7477208 -0.70499438 0.52553055 -0.54944437 -0.4680617 -0.38518523 -0.81045769 -0.76093589 -0.33556035 -0.24715272 -0.52082944 -0.76281861 24
"138" 0.79876506 0.1029828 0.60605903 -0.2329651 0.033387589 -0.047246842 0.0060066365 -0.44907797 -0.10579331 0.18821459 -0.26362414 -0.0024372829 0.29592906 -0.61337237 0.3742862 0.24815184 0.89514305 1.1157965 0.97787818 1.5107459 0.86949993 0.56981835 -0.017320739 0.040476327 0.07430948 0.22356126 0.3423314 -0.26095649 0.58684293 1.0012193 -0.37175538 25
"139" -0.089079649 -0.58310067 -0.56777018 -0.34528915 -0.29708161 -0.31084195 -0.51055244 -0.44976488 -0.19269245 0.016330438 -0.47793184 -0.3409436 -0.69285547 -0.61337237 -0.92933449 -1.9239276 -0.40040697 -0.28155391 -0.034696273 0.91138285 -0.5267296 -0.57260983 -0.071511396 -0.3424308 -0.10197599 -0.15788219 0.10870973 -0.4991728 -0.41291287 0.35172593 -0.30758732 25
"140" 0.37790427 0.78043245 0.41920236 -0.12843596 0.16093543 0.13909663 -0.26954842 -0.24777189 1.0301482 -1.2098058 -0.42571985 -0.7410131 -0.77302719 -0.61337237 -0.66146723 -1.9693957 0.67800555 0.92710367 0.16519006 1.5117426 -0.59818655 -0.50768208 1.0870498 0.21896381 0.39810895 0.1101856 0.8770218 -0.10824676 0.28619692 1.5976854 -0.2843921 25
"141" -0.15433924 -0.07689217 -0.063691742 0.3436402 0.91438148 1.1710323 -0.56184243 0.072894338 0.30864564 -0.037402819 -0.50046936 -0.40148237 -0.59130462 -0.61337237 -0.15430523 -0.73266152 -0.085991845 -0.57186748 -0.35826942 -0.97913813 0.25120622 -0.44339962 0.36597722 0.35438816 1.2544025 -0.03845083 0.4282067 0.80823858 0.59484988 1.1856916 0.21639538 25
"142" 0.21725985 0.60791857 1.0531027 0.144599 0.87413338 0.72892331 -0.062496349 0.092321687 0.29654731 0.45320985 -0.47914659 -0.73345144 1.0909653 -0.61337237 1.1801202 0.60929898 0.42909472 0.46404011 0.14520097 0.2611003 0.1121381 -0.38635943 0.85225169 1.2085866 0.81025323 0.18993518 0.38628935 0.44093448 0.54981058 0.51612642 0.034596877 25
"143" 0.92686538 0.58207761 0.79834757 -0.31907586 0.14372459 -0.046202901 0.091815085 -0.28505801 0.44665404 -0.3555571 -0.36240255 -0.54218074 -0.17460258 0.22079605 -0.60793934 -0.2671541 1.5632043 0.60731406 0.60630107 1.5975019 0.26285336 0.47378872 0.49636465 0.73438382 0.28227088 0.038881689 -0.19006662 -0.0015996345 0.26312686 -0.01459366 -0.5419787 25
"144" 0.34195262 0.061032772 0.15358345 -0.35365373 -0.22548521 -0.40792847 -0.34783919 -0.55231676 -0.10253866 0.36738289 -0.22087796 -0.16775412 -0.23854905 -0.61337237 0.11237155 -0.30222952 0.61054965 -0.50496998 0.41124804 -1.1011279 -1.0816775 -0.77372884 0.20643373 0.033348969 0.025476334 -0.45463685 -0.12532157 -0.84448525 -0.17459434 -0.24380629 -0.36631819 25
"145" 0.20454095 -0.27695745 -0.25000522 -0.2794556 -0.61620434 -0.93198686 -0.40722276 -0.59559058 0.075800586 -0.0054593506 -0.46764658 -1.5968705 0.50972033 -0.61337237 0.94573634 -0.65991248 -0.21282634 -0.053391248 0.89282877 -0.33906971 -0.81553619 -0.59058193 -0.28177407 -0.34220049 -0.28190919 -0.79562103 -0.60768912 -0.6917696 -0.65712072 0.30520853 -0.33380119 25
"146" 0.12638043 0.124302 0.40888179 -0.21640702 -0.34751908 0.047751792 0.61666715 -0.35299486 -0.86982283 0.59895765 -0.38233055 0.58151703 0.47566668 1.1122861 -1.0116269 -0.06619128 0.017992805 0.34238556 0.51353458 -0.10820785 0.27217346 0.25725038 -0.19786651 -0.49415862 -0.41262188 -0.30502404 -0.36830499 -0.42041956 -0.33104002 -0.44066765 -0.39962683 26
"147" 0.0014994712 0.14002908 0.49470549 0.050105333 0.27568488 0.71535208 0.96494151 0.29583536 -0.49964172 0.36506505 -0.42955748 0.19621629 0.34620683 0.79506573 -0.89055891 0.11887179 0.86996615 0.47177642 0.075205855 0.43223309 -0.043327622 -0.27221015 0.70732926 0.28123116 -0.046405433 0.19778045 -0.20712094 -0.17076774 -0.01533225 -0.21475487 -0.13570625 26
"148" 0.11621618 -0.06313987 0.36271081 -0.0012083751 0.42805563 0.49560249 0.85602593 0.30407783 -0.16513571 0.23282653 -0.37911328 -0.13360699 0.030815776 0.41277174 -0.96311293 0.071399226 0.4346775 0.52029907 0.16932521 -0.17575696 0.2891001 -0.17755583 0.55519656 0.36501825 0.062758334 0.30248185 0.44315523 0.50972737 0.036782586 0.044017272 -0.073309074 26
"149" -0.057155267 0.20323203 0.9232808 -0.43277734 -0.14571667 0.10621249 5.1377378 0.032346379 -0.39866189 -0.62701404 -0.22425383 0.29749046 0.44061404 0.56238808 -1.0264827 0.033487808 0.83806663 0.67723005 0.51754764 0.12832153 0.14477141 0.12383355 0.035970454 0.2095167 -0.083340324 -0.4645387 0.028860588 -0.25362883 -0.42759415 -0.28183862 -0.08589358 26
"150" -0.01393531 -0.019413033 0.43767075 -0.21880908 -0.044861883 0.35623637 1.6105956 -0.12992886 -0.64255926 -0.0067963003 -0.33336936 0.3583173 0.39893917 0.0017669426 -1.0076744 -0.099470007 0.70456392 0.2184321 0.22607228 -0.21318244 -0.31332116 -0.30826467 -0.085993361 0.1021956 0.18408162 -0.28460391 0.0013289768 0.17006759 -0.62090586 0.30039807 0.054896449 26
"151" -0.27048526 -0.51938769 0.0031203787 -0.38299634 -0.39384075 -0.14903109 -0.12129121 -0.19305116 0.99469333 -2.8840917 -0.5203915 -0.76295179 -0.84394833 -0.61337237 0.33233617 -0.031752219 0.56435726 0.41033501 -0.33240383 -0.63714263 0.087316944 -0.21048078 0.32009083 0.065561034 0.41859207 -0.91639944 -0.29640842 -0.26096818 -0.44739279 -0.23486644 -0.45562518 26
"152" -0.19949735 -0.71386877 -0.57265887 -0.30789054 -0.63387582 0.10360264 -0.42519466 -0.35406825 -0.1411263 -1.6930374 -0.52446127 -0.7959597 -0.10390167 -0.61337237 -0.33019943 -0.79271948 -0.25793562 -0.1779449 -0.35970397 -0.408465 -0.094210295 -0.21862652 -0.070579453 -0.17003112 -0.16617102 -0.68527473 -0.39713858 -0.14638814 -0.74993229 -0.36586171 -0.47345743 26
"153" 0.19195907 -0.19021587 0.10523972 -0.16173286 -0.31040382 0.76702716 -0.39228621 -0.20111771 -0.31122583 -0.32310334 -0.59172293 -0.67616567 0.34937689 -0.61337237 -0.45219595 -1.4215043 0.3179247 -0.095004693 0.12374103 -0.19067879 -0.12494765 0.14561702 0.23382041 -0.069881011 -0.068739132 0.00020503879 -0.36531636 -0.18494369 -0.61528824 -0.3280027 -0.43337226 26
"154" -0.75889184 -0.5511868 -0.94365625 -0.64001014 -1.0377643 -1.3145912 -0.6632872 -0.67376844 1.0048231 -1.9086347 -0.64582087 -1.7701985 -0.7997511 -0.61337237 -0.42336298 -1.1812808 -0.63356321 -0.93291067 -0.41543475 -0.96832234 -0.70683399 -0.74742718 -0.94774408 -0.73084073 -0.69254543 -1.1891192 -1.0845417 -0.86215213 -0.85411644 -0.58252704 -0.60041146 27
"155" -0.64682193 -0.73982411 -1.0028637 -0.74762682 -1.0778629 -1.3960186 -0.62775632 -0.67465957 1.0739184 -1.2725408 -0.6757042 -1.9442823 -0.011395853 -0.61337237 0.27606819 -0.87815969 -0.79189931 -0.26481668 -0.56833561 -1.0319887 -0.63084507 -0.52000281 -0.88419877 -0.79296356 -0.70038424 -1.0778776 -0.93233332 -0.85193169 -0.86457438 -0.6656847 -0.91444881 27
"156" -0.49414103 -0.48548023 -0.91975598 -0.62384004 -0.84012093 -0.84586173 -0.62057378 -0.60344461 -0.29788484 -0.52312359 -0.5657613 -0.98308389 -0.93337063 -0.61337237 0.27606819 -0.51441431 -0.9140574 -0.575548 -0.0016276942 -0.98434902 -0.35225356 -0.23695362 -0.45499406 -0.50571301 -0.6259042 -0.90595179 -0.84852361 -0.63677187 -0.75762274 -0.56113306 -0.8755758 27
"157" -0.45820327 -0.6098574 -0.7654906 -0.65959299 -0.79391421 -0.86152084 -0.50727517 -0.55726476 -0.067043971 -0.65338753 -0.46525326 -0.59597451 -0.48708138 1.5323582 -0.51146156 0.03120372 -0.57092198 -0.25099375 -0.11779381 -1.0493314 -0.77607736 -0.096603178 -0.62348748 -0.2820937 -0.45772899 -1.0459525 -0.83323738 -0.51410904 -0.85129477 -0.70031056 -0.79734015 27
"158" -0.73824485 -0.58769366 -0.85077111 -0.52265787 -0.70162701 -0.61828258 -0.56306109 -0.52377671 -0.28023653 -0.78984844 -0.42489922 -0.33234899 0.10886173 -0.61337237 -0.5275336 -1.241905 -0.12395747 0.69449885 -0.045715351 -0.47325486 -0.8562335 -0.95109117 -0.30232836 -0.20609774 -0.27909345 -0.86302005 -0.69887831 -0.48680999 -0.8239261 -0.73257096 -0.7297159 27
"159" -0.65515384 -0.50917646 -0.71008543 -0.52018755 -0.74355123 -0.72006683 -0.57299899 -0.48907593 0.20606114 -1.8186623 -0.55425029 -0.95147667 -0.35212566 -0.61337237 -0.29314974 -1.1055005 -0.70214349 -0.81417277 0.1336971 -0.7296781 -0.42046464 -0.14547162 -0.36598593 -0.14313959 -0.057961396 -0.86138523 -0.73316766 -0.53200803 -0.95124212 -0.73682574 -0.63028284 27
"160" -0.67864648 -0.71704231 -0.93550843 -0.39136471 -0.54800991 -0.27169416 -0.59454979 -0.46850688 -0.46110533 -0.46514 -0.43524498 -0.44862648 -0.15837733 -1.4955493 0.11237155 0.32219997 -0.72576766 0.2811025 -0.48395417 -0.52272711 -0.057180251 -0.92037368 -0.42959291 -0.1233231 -0.10317118 -0.48655245 -0.32406424 -0.17887568 -0.76187314 -0.80493834 -0.50108427 27
"161" -0.48992406 -0.4721346 -0.39557959 -0.34043463 -0.51296286 0.070196524 -0.50740131 -0.53917175 -0.63488937 -0.73892043 -0.40575994 -0.29613152 -0.57259789 -0.61337237 0.43976483 0.18276427 0.048470552 -0.26153183 -0.46727045 0.021011463 -0.90246488 -0.81591665 -0.37649595 -0.14351448 -0.19611499 -0.71793435 -0.41704861 -0.24436903 -0.59970662 -0.20465649 -0.22307585 27
"162" -0.77798138 -0.13715567 0.066130183 -0.59705418 -0.21364506 0.54257984 -0.37044059 0.17872175 -1.1760734 0.98839459 0.19988744 1.2456532 -0.79594714 2.2133637 0.10785449 1.2107164 -0.72786431 -0.70018313 -0.7311808 -0.027358341 -0.21200106 -0.39888995 -0.57805297 -0.53036789 -0.3185429 -0.19788465 -0.00160029 0.17210923 -0.26459017 0.11391244 -0.12519911 28
"163" -0.3117476 0.67076052 0.85429593 -0.3616069 0.83238291 4.292938 0.29199105 1.9752681 -1.2245538 0.77893862 0.6275176 1.6247426 -0.61621323 2.1958684 0.24380938 1.0948968 -0.010678866 -0.38974139 -0.28733393 1.020259 0.47286734 0.23365115 0.058987739 0.26193163 0.78215632 1.062544 1.1799952 1.4802646 0.39780541 1.0687656 0.51339583 28
"164" -0.45983075 0.41809694 1.0748302 -0.07824822 0.56309544 1.9064888 0.076067026 1.6102177 -1.0519472 1.0656944 -0.20768537 0.64117775 -0.67464655 1.3822657 0.63360357 1.3116527 -0.089708961 -0.035403933 -0.2191098 0.5538014 0.92154139 1.0558093 -0.088348589 0.10443569 0.3134231 0.66895573 0.87659491 0.88467322 0.10166966 0.86438799 0.40205244 28
"165" -0.78346701 -0.085007445 0.019959206 0.090051761 0.90001674 1.000348 -0.13847633 2.3970196 -0.55123756 0.73838957 -0.2658464 0.5206811 -0.39788675 0.92174838 0.64563222 1.0356184 -0.074519353 0.061231475 -0.37182538 0.86320481 0.59906735 0.21529157 0.23905613 0.55625773 0.9574807 0.94186333 1.0099044 1.2574082 0.34924512 0.31433423 0.014780889 28
"166" 0.3398304 1.0060064 0.93088543 -0.52795505 0.46515343 0.82079012 0.86498776 1.6608728 -0.66915408 0.48688259 1.0799546 1.3147562 -0.098164775 1.8516099 -0.92903529 0.20256606 0.022408629 0.10330647 -0.12532023 3.1010568 1.4661717 0.33402119 0.41316965 0.38175053 0.47126868 1.1511628 0.86541419 0.32676775 -0.055194481 -0.14023122 -0.38932525 28
"167" 1.4081337 2.1060286 1.5283922 -0.2330654 0.39172419 0.28733626 0.96388062 0.41363293 -0.58525422 1.1932342 -0.12372559 0.3395072 -0.31295825 2.043584 -0.63880073 0.59773363 0.34007583 -0.21040916 -0.029019008 3.624437 1.5012055 0.67414815 -0.1865359 -0.2260266 0.23674159 0.85043733 0.18847323 0.54060242 0.87124385 0.6946901 -0.10645434 28
"168" -0.54905246 -0.42619818 -0.49389661 -0.20075736 -0.14202988 -0.37139053 -0.49368556 -0.42077508 -0.41597718 1.1830981 -0.61347577 -0.44287498 -0.25502879 -0.61337237 -0.39983369 -0.35406324 -0.43126819 -0.71296096 -0.16718513 0.099516045 0.086488636 0.31417736 -0.54075409 -0.74001799 -0.25026658 0.68116733 0.10983269 0.33362601 0.7451846 0.0018850152 -0.3834119 28
"169" -0.15893605 -0.44149561 -0.53300615 -0.62041142 -0.58041821 -0.66317205 -0.55452309 -0.63944518 -0.65653637 0.41958561 -0.30999213 -0.12860091 0.92394089 -0.61337237 0.9903809 0.14032733 -0.66492299 -0.4544081 -0.013072422 0.93703858 -0.57819705 0.24718459 -0.91469874 -0.8883453 -0.6236012 -0.38382182 -0.35774756 0.0018917806 -0.47185949 -0.65596211 -0.24032049 28
"170" -0.68522628 -0.38581625 -0.76005872 -0.60784136 -0.37522598 -0.79627453 -0.55328156 -0.60127473 0.10295052 0.70196452 -0.20642348 -0.2369181 -0.1416749 1.8510844 -0.39314112 0.54322582 -0.51913618 -0.54379107 -0.63639935 0.5542163 -0.53774612 -0.64206557 -0.18798214 -0.22688203 -0.63983024 -0.48944573 -0.587422 -0.033191738 -0.034565507 -0.3615272 -0.6110003 29
"171" -0.60734453 -0.50521627 -0.44066419 -0.73724954 -0.41309169 -0.77539571 -0.55644855 -0.62970121 -0.36415132 1.3419774 0.24226608 0.65524671 -0.44137667 0.23404763 -0.54966063 0.48157731 -0.60586968 -0.35732711 -0.55642908 -0.13094521 0.28551932 -0.25130474 -0.66709742 -0.66049528 -0.81557879 0.0039962044 -0.19435209 -0.23119081 -0.29469558 0.097295572 -0.6212037 29
"172" -0.62342888 -0.66200926 -0.84316648 -0.74763431 -0.72751813 -1.0149802 -0.56763821 -0.60787587 -0.62443931 1.0347927 0.03362896 0.665318 2.3132024 -0.78307982 -0.7514852 -0.82463713 -0.50653646 -0.54099131 -0.52477221 -0.63461984 -0.16870332 -0.79522897 -0.35197859 -0.54647983 -0.88859021 -0.53967466 -0.40447062 -0.71837623 -0.19073659 -0.47656019 -0.28989887 29
"173" -0.50470932 -0.39507459 -0.47325547 -0.55818247 -0.63365816 -0.89544893 -0.44158539 -0.66512416 -0.36235484 0.90808665 -0.4325948 -0.29807852 0.61392621 0.28589354 -0.80684149 -0.18759793 -0.25443147 -0.62144259 -0.64711643 -0.41280404 0.080321243 -0.42009404 -0.63978982 -0.4457667 -0.89421772 -0.61955559 -0.71631707 -0.82748094 0.085078266 -0.54752658 -0.35562104 29
"174" -0.56521511 -0.58266638 -0.80514332 -0.60398032 -0.74820108 -1.0614356 -0.52184102 -0.68544131 -0.47734875 0.82132292 -0.51226732 -0.47259638 2.6102194 -0.87859072 -0.61325112 -0.96000239 -0.34462666 -0.45868702 -0.90048242 0.44083293 0.14306916 -0.066110486 -0.66480032 -0.93318452 -0.84223806 -0.41597451 -0.29388915 -0.78010186 -0.2789366 -0.3291078 -0.18299463 29
"175" -0.40998909 0.018442674 0.54033328 -0.27097899 -0.26219546 -0.15842656 -0.46576541 -0.62171102 -0.943279 1.2262975 -0.24799878 0.59779944 -0.62309565 0.11606382 -0.46449612 0.40032911 -0.82682891 -0.80933879 -0.54745628 1.3148154 0.88080637 -0.39528756 -0.59557304 -0.78076124 -0.99341539 0.44946619 -0.33708076 -0.6983419 0.83786922 -0.57917413 0.029917715 29
"176" 0.0073573124 0.57436739 0.50882838 0.12889327 0.0087245295 0.15632166 -0.49179648 -0.59541552 -1.0462271 1.1081059 -0.31236244 0.53870406 -0.78638915 -0.61337237 0.75227665 0.91025499 0.37388903 -0.40174393 -0.69909687 2.1924742 -0.72521523 -0.10632502 -0.34028617 -0.5204208 -0.78410771 1.2803423 -0.010058288 -0.76392158 0.94711811 -0.20651499 -0.39959929 29
"177" 0.78551339 0.28311899 -0.0033978769 0.29972455 -0.33011183 -0.42463152 -0.52699363 -0.68544911 1.7261406 -2.0411351 -0.31038837 -1.775282 3.2756447 -0.61337237 0.67786908 -0.73525971 -0.22080335 1.5292408 -0.30724574 -1.2204886 -1.1017184 -1.0012841 0.21707317 0.4434744 -0.53264178 0.34190985 1.2659541 0.43230844 -0.036364077 -0.77426789 -0.28418617 29
"178" 2.1820612 -1.3015551 0.39584528 1.1326529 0.13476389 0.10830037 -0.64959605 -0.69571964 2.1380684 -1.6688693 0.12676593 -2.9031309 -1.0937141 -0.61337237 3.0886744 2.0318031 -1.4127761 -0.12196827 1.2404391 -1.2204886 -1.1017184 -1.0012841 -0.50284881 -0.045831702 0.13898449 0.21090903 0.75483764 1.4637699 -0.46324297 0.60013325 0.84704321 30
"179" -1.2128961 -1.3015551 -1.6698986 1.8168874 1.0068597 0.49247067 -0.68109484 -0.54621215 0.28810807 0.5114032 0.71903371 0.26403633 -1.0937141 -0.61337237 -1.1972018 -2.3331411 -1.4136641 -1.4672005 -1.4257647 -1.2204886 -1.1017184 -1.0012841 0.023618054 -0.40142086 -0.14886416 1.1231487 0.37436509 0.56668917 -0.88607511 -0.088908231 2.8422625 30
"180" 2.1024319 -0.15503543 0.81518639 1.9039863 0.37362655 0.32074237 -0.54713241 -0.50591921 -0.63756558 1.2531609 0.89744764 1.1530413 0.29592906 -1.1738637 0.11237155 0.17843399 -0.29346932 -0.86365398 0.31589076 0.18138082 0.67675482 -0.76342742 -0.52612808 -0.54682641 -0.57728307 0.75389985 0.57047673 0.12056966 1.6535831 0.73876464 1.4635289 30
"181" 1.3964064 0.33434701 0.55717211 1.4381222 0.073007524 0.072806376 -0.52412402 -0.40828686 -0.060315556 0.31685379 -0.08022908 -0.14945487 -0.91733629 -0.61337237 -0.0185858 -0.76903608 -0.020890838 0.19754518 0.19261767 -0.65968986 2.3717099 0.31530149 -0.19012582 -0.37316819 -0.15063516 1.3765193 0.96009291 0.78982199 0.40405966 0.084665518 0.18183584 30
"182" 2.8792638 0.19369551 1.403459 2.7022016 0.71414217 0.88603644 0.0049213252 -0.28026579 -0.4160668 1.1081583 1.1046173 1.1383226 0.014477742 1.1869406 -0.58076392 0.18563012 -0.51037021 0.17119231 0.38395083 -0.14277504 2.2884553 1.1984053 0.044792806 -0.058298702 -0.08335795 1.1735196 1.2579122 0.94725085 2.6668517 0.3717486 1.6242124 30
"183" 2.1580857 0.87439497 1.3632631 2.5006321 0.90756346 0.84741062 -0.43438081 -0.231658 -0.90192461 1.3497932 0.73004444 0.9406637 -0.93337063 -0.61337237 -0.79540086 -1.6056504 -0.092031349 -0.1005401 0.43445529 -0.23948906 -0.021400989 0.66224027 -0.22354296 -0.31959276 -0.077837284 0.81255589 0.57510156 0.97824799 3.080787 1.0811267 1.6662901 30
"184" 1.5213478 1.6497177 1.3828178 2.5533919 0.79063698 0.86620156 -0.25504433 -0.17978046 -0.15726625 0.55082309 0.27669474 0.25452183 -1.0937141 -0.61337237 -0.1257327 -1.241905 0.16701706 -0.40250625 0.54828991 -1.2204886 -1.1017184 -1.0012841 -0.445524 -0.36818995 0.080796896 0.99588692 1.1728253 1.4709057 2.0060044 1.2682456 2.1299005 30
